,0,1,2
ACH-001711,0.3153175267235884,0.37564099265771206,0.30904148061869946
ACH-000087,0.38887455607218985,0.3443520517608093,0.26677339216700086
ACH-000644,0.2936346348979743,0.31868818165689305,0.3876771834451327
ACH-000905,0.2959970036347593,0.3753746435358388,0.3286283528294018
ACH-000242,0.28839385518195054,0.2994786653753154,0.4121274794427341
ACH-000384,0.29551762427869266,0.32500590577233834,0.37947646994896894
ACH-000720,0.31634394135114613,0.35312359791686837,0.33053246073198556
ACH-000323,0.31285056255688176,0.35164832913152616,0.335501108311592
ACH-000137,0.337371738900625,0.3232167421370221,0.3394115189623529
ACH-000558,0.311135933778852,0.33513968926547233,0.3537243769556757
ACH-000738,0.3073977516762465,0.31610349159246776,0.3764987567312858
ACH-000571,0.3056197490820604,0.3242079164026617,0.37017233451527787
ACH-000040,0.2851560247833751,0.31837353427579446,0.3964704409408305
ACH-000570,0.29954967169083807,0.3288438167538054,0.37160651155535646
ACH-000867,0.34783897649892687,0.3483099937421876,0.30385102975888556
ACH-000392,0.30173638404944764,0.3268810855473833,0.37138253040316915
ACH-000662,0.32462255705421805,0.3416015395310216,0.3337759034147604
ACH-000769,0.33254177320928924,0.3292331470432444,0.3382250797474664
ACH-000589,0.37218907181753774,0.3252118666671094,0.30259906151535293
ACH-000744,0.31722898305329494,0.37516786867570434,0.30760314827100077
ACH-000766,0.29943492460748905,0.3710665363356837,0.32949853905682724
ACH-000035,0.3749522207246549,0.3451262694260846,0.27992150984926056
ACH-000733,0.2821403374136006,0.3316042219824251,0.3862554406039742
ACH-000451,0.33203381286721306,0.36835089576605623,0.29961529136673065
ACH-000481,0.3035179037507684,0.3287114511732174,0.3677706450760142
ACH-000447,0.32984992657083056,0.32306597192350567,0.34708410150566377
ACH-000951,0.37157428978749063,0.3168704047314075,0.3115553054811018
ACH-000875,0.32245887565495396,0.34944399919102076,0.3280971251540252
ACH-000121,0.30734476717935616,0.3652561903167655,0.3273990425038783
ACH-000853,0.3127462716174963,0.3908747732106516,0.29637895517185203
ACH-000187,0.34631037439854834,0.35345768832637686,0.30023193727507486
ACH-000530,0.3559228063966866,0.36110506696260614,0.28297212664070737
ACH-000749,0.3573440142491759,0.35018557416368346,0.29247041158714066
ACH-000866,0.3591100340046034,0.3306413878061875,0.3102485781892091
ACH-000514,0.3329102327186724,0.3529461138839492,0.3141436533973783
ACH-000431,0.3287304513991796,0.3576097889519832,0.31365975964883724
ACH-000729,0.36058826815908407,0.3462320763574071,0.2931796554835087
ACH-000298,0.293252758067985,0.3126610882961942,0.3940861536358207
ACH-000290,0.36227625733465874,0.33292755212873737,0.3047961905366039
ACH-000525,0.3150042197630744,0.3660178389073728,0.31897794132955287
ACH-000610,0.3476935885433399,0.3827522036042704,0.26955420785238954
ACH-000800,0.38695148617992975,0.34720715254382706,0.26584136127624314
ACH-000767,0.3097243059261524,0.3343527466174741,0.3559229474563735
ACH-000358,0.29098057265374466,0.33938208520402513,0.36963734214223026
ACH-000355,0.36076179629075594,0.3831603182233673,0.25607788548587673
ACH-000153,0.2937912710272021,0.32159842127677724,0.38461030769602067
ACH-000366,0.36505396190676154,0.35473774811167813,0.2802082899815603
ACH-001702,0.30136606370821656,0.35183701041354165,0.34679692587824185
ACH-000670,0.3529459395563262,0.3365542008526231,0.3104998595910507
ACH-001549,0.3594352893744931,0.34737146985558687,0.29319324076992
ACH-000149,0.3259123245479174,0.3453311709738898,0.3287565044781928
ACH-000521,0.3330439974752588,0.3540002114410543,0.31295579108368693
ACH-000311,0.3507913649785403,0.33545713630375557,0.31375149871770414
ACH-000675,0.2950723153748846,0.36842283322246494,0.33650485140265046
ACH-000945,0.30283746322979055,0.36979055313254,0.3273719836376694
ACH-000018,0.2758808197058338,0.29397157444290395,0.4301476058512622
ACH-000050,0.34801909008509024,0.3235160629893459,0.32846484692556377
ACH-000260,0.31718804936183037,0.34384308873037994,0.3389688619077897
ACH-000510,0.29087041100539185,0.354175591562326,0.3549539974322822
ACH-000841,0.311838279644198,0.30730949874956576,0.3808522216062362
ACH-000522,0.2932282765019088,0.3276047513799936,0.3791669721180977
ACH-000775,0.27716524139893833,0.3078123026710482,0.4150224559300135
ACH-000264,0.27583376742701504,0.3297922688868097,0.3943739636861752
ACH-000438,0.29590080345317304,0.34732013813727625,0.3567790584095506
ACH-000666,0.31568527190156487,0.3781230566669485,0.30619167143148673
ACH-000496,0.29910050398520077,0.34019779754383145,0.36070169847096784
ACH-000094,0.29208143446767926,0.32172909202836675,0.38618947350395405
ACH-000601,0.29507907584243304,0.3345755799066806,0.3703453442508864
ACH-000790,0.2892592214493545,0.38187589564946123,0.32886488290118426
ACH-000886,0.2876341516095401,0.3722802216755149,0.340085626714945
ACH-000718,0.3118958557306809,0.35300760565366174,0.33509653861565736
ACH-000677,0.2980900500640328,0.32329597968802765,0.3786139702479395
ACH-000408,0.3038363364577579,0.3208096312736583,0.37535403226858377
ACH-000859,0.3437778203415218,0.3392021393009438,0.31702004035753445
ACH-000374,0.3676022123113664,0.33166166286568866,0.300736124822945
ACH-000111,0.3866785369475493,0.32483999477041725,0.28848146828203336
ACH-000699,0.2911999285028423,0.36567910059975545,0.34312097089740223
ACH-000223,0.3635374813616182,0.3361979467736127,0.30026457186476907
ACH-000691,0.37803340928439333,0.3123922163983059,0.3095743743173008
ACH-000755,0.3469139563992208,0.29551828296694743,0.35756776063383183
ACH-000276,0.3464504726259295,0.32504017742730407,0.32850934994676645
ACH-000603,0.28233736037960155,0.36034261569805914,0.35732002392233925
ACH-000548,0.30228868714677043,0.3788946672634864,0.3188166455897431
ACH-000210,0.34274145898671954,0.37111683112309185,0.2861417098901886
ACH-000826,0.3461224045774967,0.3404263932379979,0.3134512021845054
ACH-000518,0.3451461528535571,0.33675038012604336,0.3181034670203995
ACH-000703,0.32120765110934923,0.32552717582986046,0.3532651730607902
ACH-000563,0.27435666951843757,0.3340239192344317,0.39161941124713073
ACH-000305,0.31123758670221485,0.357218408695448,0.3315440046023371
ACH-000585,0.30752342574700176,0.3734383729255955,0.31903820132740285
ACH-000472,0.30378597312087163,0.33556680726560234,0.360647219613526
ACH-000396,0.29902724445479606,0.342874869432151,0.35809788611305304
ACH-000858,0.31294148193963595,0.32983455777735216,0.35722396028301184
ACH-000265,0.2866512210252371,0.38298550967641615,0.33036326929834664
ACH-000823,0.32023857136826367,0.33507233315497054,0.3446890954767658
ACH-000809,0.2930658576535725,0.3553104789888954,0.35162366335753203
ACH-000637,0.33161328807932555,0.34965108938252365,0.31873562253815085
ACH-000784,0.31537519633675953,0.3244413087048179,0.3601834949584225
ACH-000627,0.2935770799199423,0.3153480514519448,0.39107486862811297
ACH-000892,0.36568180204542444,0.3189650201967541,0.31535317775782146
ACH-001075,0.31364347724352803,0.3397746391381189,0.3465818836183531
ACH-000871,0.3066967265184773,0.3723240643793232,0.32097920910219946
ACH-000030,0.29597072777414973,0.3727099524985493,0.3313193197273009
ACH-000363,0.37943082657509386,0.3116434648589879,0.3089257085659181
ACH-000626,0.3537244407288691,0.32155176938008084,0.3247237898910501
ACH-000259,0.3706324426464001,0.3727980303365312,0.2565695270170687
ACH-000647,0.3137511366027934,0.3609336387327388,0.3253152246644678
ACH-000318,0.32317944640069685,0.349734431892105,0.3270861217071981
ACH-000452,0.2984340783815699,0.38788815210281674,0.31367776951561344
ACH-000354,0.3102771470111939,0.3467319098741994,0.3429909431146066
ACH-000001,0.3616873715054126,0.3285302213566178,0.30978240713796956
ACH-000090,0.2889061557126896,0.3546509429834238,0.3564429013038865
ACH-000971,0.2861387672981967,0.34900777988910675,0.36485345281269654
ACH-000997,0.3378880170573974,0.3279118065616616,0.33420017638094107
ACH-000002,0.44314223255929425,0.3103571317551721,0.24650063568553374
ACH-000552,0.27135066946875674,0.31850386802642366,0.4101454625048196
ACH-000551,0.3435298093837837,0.37663722762430135,0.27983296299191507
ACH-000900,0.30132528635935485,0.3891565362738641,0.30951817736678106
ACH-000463,0.32786035510431166,0.3419471132820567,0.33019253161363166
ACH-000343,0.3648394902281422,0.331755887138392,0.30340462263346574
ACH-000147,0.3528157908100068,0.27470432736085176,0.3724798818291415
ACH-000019,0.3313976312403349,0.32019978734794513,0.34840258141172
ACH-000649,0.3170871534896182,0.315885790495665,0.3670270560147169
ACH-000555,0.30035646885136347,0.36231899709339216,0.3373245340552444
ACH-000681,0.33066343599258047,0.3465146142402645,0.32282194976715506
ACH-000046,0.31017771353464096,0.302279120513109,0.38754316595224997
ACH-000288,0.3364292128958268,0.3150506977253543,0.348520089378819
ACH-000615,0.29352631397869805,0.3152959411777112,0.39117774484359075
ACH-001190,0.2963403281985009,0.32029074743451535,0.38336892436698367
ACH-000730,0.29323256506126383,0.31732612788220027,0.38944130705653585
ACH-000148,0.3140372360239207,0.34921336747718396,0.3367493964988953
ACH-000811,0.3217538057357868,0.30256928932288585,0.37567690494132727
ACH-000768,0.2942062308284818,0.3244449547663267,0.3813488144051915
ACH-000651,0.2879842245530393,0.30736466301233567,0.40465111243462504
ACH-000433,0.3376068761294699,0.32269663756360234,0.33969648630692784
ACH-000817,0.3492681582158037,0.3462792613359237,0.30445258044827256
ACH-000338,0.38735473646634166,0.3230817360450646,0.2895635274885938
ACH-000966,0.36441409410187453,0.33229381836586547,0.30329208753225995
ACH-001151,0.2823133412993335,0.32154664771371017,0.3961400109869563
ACH-000706,0.3268899804434104,0.36431021853018647,0.30879980102640314
ACH-000861,0.31030652298061046,0.3464860450679121,0.3432074319514775
ACH-000825,0.28154091150981286,0.37018189065647855,0.34827719783370864
ACH-000750,0.27675627446281953,0.3117748465385076,0.41146887899867296
ACH-000425,0.3040850406227947,0.3382305655380156,0.35768439383918976
ACH-000579,0.29693861923624715,0.3041322185314701,0.3989291622322827
ACH-000428,0.31156873342286984,0.318546236757376,0.3698850298197542
ACH-000504,0.293119078339114,0.3188639822953571,0.38801693936552895
ACH-000232,0.31691751320665157,0.3094222156602767,0.3736602711330717
ACH-000273,0.30127953432315036,0.33272088159166674,0.3659995840851829
ACH-000376,0.3048762024512497,0.34480232477257544,0.3503214727761749
ACH-000655,0.3062099363220058,0.29361121421583386,0.40017884946216026
ACH-000617,0.39124980350088223,0.314735836500838,0.2940143599982799
ACH-000696,0.3581154893315764,0.3283292281511319,0.3135552825172917
ACH-000535,0.2955515153026339,0.3624033568232673,0.34204512787409863
ACH-001016,0.29228573748852504,0.297134214027013,0.41058004848446195
ACH-000880,0.301192105375365,0.3118363375719266,0.3869715570527083
ACH-000528,0.36151236866979863,0.32250795813491584,0.3159796731952857
ACH-000788,0.29422333165807824,0.3549608133917889,0.3508158549501329
ACH-000219,0.31287770274437565,0.3387842918495751,0.3483380054060493
ACH-000740,0.31877349465295024,0.36521902235712367,0.3160074829899261
ACH-001306,0.2952183489191859,0.3096833997026581,0.3950982513781561
ACH-000896,0.30646161564246527,0.37599908334528837,0.31753930101224626
ACH-000070,0.4441798799478411,0.30203808160814155,0.2537820384440173
ACH-000536,0.34491813320407555,0.3351080549125272,0.3199738118833973
ACH-000657,0.3646654574296568,0.3753915038571109,0.2599430387132324
ACH-000161,0.3007063527345501,0.3616745776321119,0.33761906963333804
ACH-000508,0.30358280821497136,0.34031846800152893,0.35609872378349977
ACH-000401,0.29506044010816473,0.3260435588776068,0.3788960010142284
ACH-000717,0.3430726346517417,0.3447977129410611,0.31212965240719714
ACH-000805,0.28092410401211565,0.32850326054859197,0.3905726354392924
ACH-000120,0.35438872262867915,0.332094622781994,0.3135166545893268
ACH-000138,0.3218469631794823,0.337566608200794,0.3405864286197236
ACH-001336,0.3148848540119102,0.37880393655533373,0.30631120943275614
ACH-000713,0.37413360583136596,0.323182060023118,0.3026843341455161
ACH-000212,0.29849758116290714,0.333735284208501,0.3677671346285919
ACH-001715,0.3108400251456887,0.30649526911854674,0.3826647057357645
ACH-000174,0.31259558532180015,0.3023510784185698,0.38505333625963006
ACH-000786,0.4363889312888945,0.3220309705214488,0.24158009818965684
ACH-000334,0.454350434455157,0.2984592625307688,0.24719030301407424
ACH-000211,0.3172615388329489,0.35085823437545527,0.3318802267915958
ACH-000055,0.35962661596416773,0.3809646987308954,0.2594086853049368
ACH-000863,0.2863296717831599,0.29140856981457075,0.4222617584022693
ACH-000233,0.37220515125339687,0.34214846760352935,0.28564638114307384
ACH-000244,0.32670676916741087,0.3058303571420651,0.3674628736905241
ACH-000056,0.44743675008074346,0.31451053707225735,0.23805271284699908
ACH-001341,0.3868876159128465,0.32279429826426725,0.29031808582288626
ACH-000258,0.3408343151846441,0.32772783868142,0.3314378461339359
ACH-000560,0.31262960724756567,0.37663542347602913,0.31073496927640515
ACH-000225,0.3006109995065726,0.4015262195295421,0.2978627809638854
ACH-000330,0.31936759321207575,0.3105573461426563,0.37007506064526796
ACH-000936,0.316207101923927,0.3322936774689168,0.35149922060715627
ACH-000295,0.3734480417875978,0.3631796214975799,0.2633723367148223
ACH-000198,0.4420120402234311,0.3019456429966418,0.2560423167799272
ACH-000846,0.30681238925952903,0.36515135201586985,0.32803625872460107
ACH-000572,0.30177296859444086,0.32693593340127947,0.37129109800427973
ACH-000098,0.27233928216023345,0.3260021515413573,0.4016585662984092
ACH-000081,0.4363385801042869,0.3024723315240954,0.2611890883716176
ACH-000756,0.3225632474707601,0.3324297998510667,0.3450069526781732
ACH-001716,0.3758165900816322,0.3559743282287113,0.2682090816896565
ACH-000835,0.2842086741641476,0.3223535889972182,0.3934377368386342
ACH-000913,0.3247491035524038,0.33696182387429274,0.3382890725733036
ACH-000277,0.29798599945147203,0.2849442418130841,0.4170697587354439
ACH-000930,0.37234610013125335,0.32331963321323265,0.3043342666555139
ACH-000624,0.31166439209132407,0.35991287032370867,0.32842273758496726
ACH-000668,0.32697353210719027,0.3403413554647219,0.33268511242808785
ACH-001517,0.2922201312575818,0.34771949661456886,0.36006037212784936
ACH-000004,0.3713128408225874,0.3461087126839314,0.28257844649348113
ACH-000847,0.36743667818258696,0.3487122669851467,0.2838510548322663
ACH-000061,0.4007485343883813,0.320601453782278,0.27865001182934074
ACH-000778,0.2960941888837738,0.33432981208472357,0.3695759990315027
ACH-000546,0.34132250716704676,0.3322474326223325,0.3264300602106209
ACH-000914,0.40954971585114874,0.3101031457504248,0.2803471383984265
ACH-000054,0.2752624186000836,0.3647230120913217,0.3600145693085947
ACH-000547,0.3372854724677594,0.3448940673231362,0.31782046020910437
ACH-000322,0.2868911638199929,0.34995019084370504,0.3631586453363021
ACH-001525,0.36005530188853463,0.35467969039335373,0.2852650077181117
ACH-000480,0.291360618710401,0.378453283925833,0.3301860973637659
ACH-001526,0.3512538037857337,0.31741152949495177,0.3313346667193146
ACH-000538,0.33900622570810873,0.35493603027890513,0.306057744012986
ACH-000882,0.2950950566622255,0.3548227842796214,0.350082159058153
ACH-000915,0.30109441943305426,0.3059787976907599,0.3929267828761858
ACH-001530,0.37682058935953044,0.32209186173492504,0.3010875489055445
ACH-000106,0.33979814436824646,0.3532522107386947,0.30694964489305887
ACH-000346,0.36680944286930584,0.3466134917398941,0.2865770653908001
ACH-000231,0.30109728980672545,0.3250510201640418,0.37385169002923285
ACH-000053,0.37680192815852737,0.3321282834429412,0.29106978839853137
ACH-000315,0.3977995304152044,0.30706810993348704,0.2951323596513086
ACH-000263,0.4373892092827404,0.3068139800063547,0.25579681071090504
ACH-000101,0.4431756512343541,0.29416903342017636,0.2626553153454696
ACH-000386,0.4433806398171472,0.3020057994459458,0.254613560736907
ACH-000380,0.4260877534944837,0.3118902565556286,0.2620219899498878
ACH-000622,0.3002409022013739,0.31522232707623493,0.3845367707223911
ACH-000213,0.3183814187583416,0.3277147313471495,0.35390384989450885
ACH-000926,0.27617040688477196,0.29916504082738643,0.42466455228784167
ACH-000986,0.27634151801843265,0.3182332099526236,0.40542527202894385
ACH-001345,0.2883278619883402,0.3473975811366667,0.36427455687499316
ACH-000698,0.2941315860540381,0.3267997946764273,0.3790686192695346
ACH-000375,0.3651939958525472,0.307822728877794,0.326983275269659
ACH-000074,0.3461098554662345,0.3329679140714319,0.3209222304623336
ACH-000631,0.304332578126818,0.29359628239287316,0.4020711394803089
ACH-000693,0.3174133327919724,0.35232753729651484,0.33025912991151263
ACH-000873,0.2962326211423167,0.3772752115134097,0.32649216734427355
ACH-000865,0.30712334779563494,0.3284749680185306,0.3644016841858344
ACH-000824,0.32390571411906616,0.3818513853245807,0.2942429005563531
ACH-000754,0.4017663146126532,0.32441261173051916,0.2738210736568277
ACH-000806,0.3475777756226574,0.36384314972046145,0.28857907465688104
ACH-000301,0.3486176148508692,0.3558784446828286,0.29550394046630224
ACH-000104,0.4318466423733663,0.3148348600961919,0.2533184975304418
ACH-000950,0.27429036501280846,0.3221016508439367,0.4036079841432549
ACH-000204,0.329032087759195,0.37055831815010526,0.3004095940906997
ACH-000501,0.3207244715957885,0.34421547350511833,0.33506005489909324
ACH-000985,0.29280643430080355,0.3129702510638427,0.39422331463535365
ACH-000583,0.4467941760572352,0.3166405281476902,0.2365652957950745
ACH-000759,0.3233991434212611,0.27921772784768534,0.39738312873105364
ACH-000934,0.30520765770339103,0.27654983120597043,0.41824251109063854
ACH-000910,0.3297394939314072,0.2935309148174884,0.3767295912511044
ACH-000849,0.34007747749609546,0.3582770722082661,0.3016454502956384
ACH-000450,0.2820509712794822,0.3407250753985237,0.37722395332199404
ACH-000881,0.28472229622563405,0.3140256806797702,0.4012520230945957
ACH-000072,0.3359866804955328,0.3567181321379615,0.30729518736650563
ACH-000449,0.3673239411763034,0.34837650036257223,0.28429955846112437
ACH-000987,0.28018948329731885,0.3086668027354464,0.4111437139672347
ACH-000192,0.33230321780925953,0.3496397911194021,0.3180569910713385
ACH-000879,0.3369367106223374,0.34416676804039437,0.3188965213372681
ACH-000359,0.27876346015826814,0.3630861650858709,0.358150374755861
ACH-000020,0.4372995370018448,0.3074754675484163,0.25522499544973887
ACH-000156,0.4254005828619418,0.32821836859955583,0.24638104853850232
ACH-000391,0.3388450813411905,0.3628527286009296,0.2983021900578799
ACH-000078,0.35959158946495645,0.34238273775555356,0.29802567277948994
ACH-000351,0.3224446158598689,0.3856079674178805,0.2919474167222507
ACH-000006,0.37160974531603125,0.33324947989174136,0.29514077479222744
ACH-000319,0.3093416093795123,0.381748798489015,0.3089095921314727
ACH-000335,0.2798474077723585,0.3646255208639353,0.3555270713637061
ACH-000938,0.4588031416983116,0.29078117253037994,0.2504156857713085
ACH-000944,0.42669204465684557,0.33158052907839325,0.24172742626476107
ACH-000360,0.2684450799602764,0.34157466701916295,0.38998025302056066
ACH-000395,0.30496769165673837,0.31718599673652914,0.3778463116067325
ACH-000932,0.32661496267678486,0.35653302815546173,0.31685200916775336
ACH-000303,0.272625777900124,0.369308523219237,0.3580656988806391
ACH-000581,0.316211253252879,0.32081225910382954,0.3629764876432915
ACH-001603,0.39988037771131657,0.3338678135823984,0.2662518087062849
ACH-000200,0.26875433169118107,0.30376191594897656,0.4274837523598424
ACH-000168,0.379928524701087,0.32996233078379583,0.2901091445151171
ACH-000911,0.27826037007434995,0.3497250415035179,0.3720145884221321
ACH-000403,0.31385205288744056,0.3147776823206503,0.37137026479190915
ACH-000491,0.28205482519654396,0.31542019571136565,0.40252497909209045
ACH-000628,0.3136756357179067,0.348021035653056,0.3383033286290374
ACH-000638,0.29761516595907617,0.3104505529674739,0.3919342810734499
ACH-000427,0.3360710711417097,0.314219186799053,0.34970974205923727
ACH-000888,0.3100570028181946,0.3285657150129194,0.36137728216888604
ACH-000860,0.29064580144113433,0.33617626348819435,0.3731779350706712
ACH-000980,0.3174704561143527,0.37409667686944537,0.308432867016202
ACH-000780,0.3252391148347043,0.3345817318445949,0.3401791533207008
ACH-000830,0.31650366764982474,0.37165732599017576,0.31183900635999956
ACH-000015,0.35000660839350656,0.3839131979064339,0.2660801937000595
ACH-000916,0.326850387582273,0.32537453534172006,0.3477750770760069
ACH-000448,0.3343507450409647,0.367770450943158,0.29787880401587724
ACH-000747,0.2969098323575751,0.37827006903371874,0.32482009860870603
ACH-000282,0.3118957192836514,0.35486107639126924,0.3332432043250795
ACH-000394,0.3200560391577756,0.3767887092608416,0.30315525158138285
ACH-000399,0.3025252040308551,0.33185364888529156,0.36562114708385335
ACH-000776,0.30122101248427147,0.31246645764726766,0.3863125298684608
ACH-000024,0.346979668623999,0.3472467927975055,0.3057735385784956
ACH-000372,0.46229683128251436,0.2890775286975349,0.24862564001995058
ACH-000770,0.37433574515151424,0.33397709382509244,0.29168716102339326
ACH-001374,0.37317529369721014,0.337236157185513,0.2895885491172769
ACH-000937,0.4153201713593437,0.31974581998202384,0.2649340086586324
ACH-000654,0.45115736708961307,0.3020879012370325,0.2467547316733545
ACH-000565,0.27858019859872574,0.33967430605165233,0.38174549534962193
ACH-000169,0.3171119899479213,0.3200290855791285,0.36285892447295015
ACH-000960,0.4252282835693391,0.3211223626448762,0.25364935378578474
ACH-000943,0.29213918539823297,0.3545235565945381,0.3533372580072289
ACH-000719,0.3422686004024552,0.3280384887411573,0.3296929108563874
ACH-000636,0.45499057429323186,0.29105981323688773,0.25394961246988035
ACH-000874,0.46450513426529816,0.28388943505447584,0.2516054306802261
ACH-000473,0.30200259638630567,0.3347743453226199,0.3632230582910744
ACH-000614,0.28294917135706144,0.3005099530847391,0.4165408755581995
ACH-000410,0.32189532767172513,0.3062476385515434,0.3718570337767314
ACH-000609,0.31343421957041295,0.35167834096404255,0.33488743946554445
ACH-000441,0.30151507079799816,0.28921107009352415,0.4092738591084777
ACH-000112,0.4512306994304388,0.2983709620460887,0.25039833852347254
ACH-000748,0.31872166289311926,0.3020938071974126,0.37918452990946816
ACH-000361,0.30734352172341206,0.3258488672679049,0.3668076110086831
ACH-000373,0.4027468948481677,0.31861473583852273,0.2786383693133095
ACH-000465,0.2872064257386666,0.304072837999988,0.40872073626134525
ACH-000423,0.2833809348646989,0.3110915680134853,0.4055274971218159
ACH-000822,0.3011520171020007,0.3370465551465286,0.36180142775147073
ACH-000810,0.3196033270719558,0.3171120073556658,0.36328466557237843
ACH-000640,0.28534901580501587,0.3152307895127563,0.3994201946822278
ACH-000665,0.28678885822914174,0.37382972797857295,0.33938141379228526
ACH-001193,0.3364407976102063,0.35302002852401854,0.31053917386577506
ACH-000939,0.3207998531338105,0.36203433703044907,0.3171658098357404
ACH-000478,0.3016791921053539,0.3244336667965497,0.37388714109809634
ACH-000493,0.31297525220234645,0.30049006474789414,0.3865346830497594
ACH-000420,0.32092495933264903,0.3429087922089996,0.33616624845835147
ACH-000664,0.382875192412452,0.3321161361267812,0.28500867146076686
ACH-000953,0.425473255027235,0.30627846973453876,0.26824827523822625
ACH-000437,0.2779660364456207,0.3554718052804919,0.36656215827388744
ACH-000489,0.27251780765849787,0.3267988512592805,0.40068334108222164
ACH-000236,0.27163705294808066,0.3320923708168973,0.39627057623502204
ACH-000470,0.26410490182009594,0.31876250577112186,0.41713259240878214
ACH-000566,0.3504324146317009,0.2878868504461961,0.3616807349221029
ACH-000883,0.32686259429492237,0.31176107557351795,0.3613763301315597
ACH-000958,0.33580777734456474,0.32933500412635325,0.334857218529082
ACH-001399,0.284472805882311,0.31276146196744226,0.4027657321502467
ACH-000680,0.2724017940547698,0.30211776790399275,0.4254804380412374
ACH-000381,0.2742377262783856,0.30389990734049477,0.4218623663811196
ACH-000197,0.45355160103328346,0.29411975885640446,0.2523286401103121
ACH-000949,0.30288779279338846,0.30244340096113687,0.3946688062454746
ACH-000430,0.277726654051505,0.36011834730683784,0.3621549986416571
ACH-000364,0.33337367393982803,0.3362874773438975,0.33033884871627445
ACH-000554,0.30990840217913795,0.3660203504613498,0.32407124735951226
ACH-000171,0.3068862749949424,0.2990229771656962,0.3940907478393614
ACH-001709,0.4306732704149776,0.30978577019576503,0.2595409593892573
ACH-000332,0.30685783947897716,0.3096216274860566,0.3835205330349663
ACH-000469,0.30230402967384906,0.3182857859972436,0.37941018432890733
ACH-000828,0.31374847214685,0.28423075773308926,0.4020207701200609
ACH-000189,0.3055408965396587,0.3122147601314329,0.3822443433289084
ACH-000524,0.3259967058065219,0.34249863843125583,0.3315046557622222
ACH-000815,0.35056294660733855,0.36778116657865373,0.2816558868140077
ACH-000679,0.30625093943846915,0.31265685516242253,0.3810922053991084
ACH-000416,0.35875513142869453,0.3562379333191255,0.28500693525218
ACH-000704,0.3833445280996308,0.3090266664303199,0.3076288054700492
ACH-000383,0.26542845990154545,0.3370545775175941,0.3975169625808604
ACH-000998,0.29357120995649544,0.2882273822483918,0.4182014077951127
ACH-000136,0.37984706432759946,0.3526206494217692,0.26753228625063136
ACH-000350,0.3117464405267913,0.29646840111488676,0.39178515835832206
ACH-000803,0.2860702535137715,0.3518630682208578,0.3620666782653707
ACH-001442,0.32597907978817703,0.3897776251136847,0.28424329509813834
ACH-000792,0.34369437733567304,0.3094622070711531,0.34684341559317383
ACH-000009,0.3294295145631397,0.33025773967482575,0.3403127457620345
ACH-000188,0.3452409812694238,0.34848282406645426,0.30627619466412187
ACH-000222,0.27330938838039975,0.3398462488797181,0.3868443627398821
ACH-000440,0.43412362548031663,0.3222291186578623,0.24364725586182098
ACH-000248,0.35212816441439587,0.3390059678170238,0.30886586776858044
ACH-000245,0.4507486699665524,0.2998205384136317,0.2494307916198157
ACH-000432,0.43729373662109533,0.30886741107787274,0.2538388523010321
ACH-000672,0.2847550708190551,0.30869655633643117,0.40654837284451384
ACH-001674,0.3813044760798351,0.34558751328410037,0.27310801063606455
ACH-000757,0.28103796549648236,0.3381786220922118,0.3807834124113058
ACH-000857,0.31188027691055326,0.3515751417792013,0.3365445813102454
ACH-000371,0.4375378515036828,0.30386056513675097,0.25860158335956623
ACH-000506,0.361669767084706,0.3307397988972345,0.30759043401805947
ACH-000893,0.3083696199119734,0.3250415323178496,0.366588847770177
ACH-000348,0.3175112211971977,0.3451337183665008,0.3373550604363015
ACH-000238,0.3139233565971625,0.3408716494553914,0.3452049939474462
ACH-000722,0.2751220961955518,0.29660147702133116,0.42827642678311706
ACH-000567,0.4239257928792286,0.3049007672478878,0.27117343987288345
ACH-000155,0.27267860184636505,0.32079275469869456,0.40652864345494044
ACH-000568,0.31558359878763437,0.28741771996515797,0.39699868124720766
ACH-000254,0.31732530745006043,0.3812369674495227,0.3014377251004169
ACH-000107,0.27749659585880354,0.3496158291906453,0.37288757495055114
ACH-000832,0.35460342776455916,0.3373219494320654,0.30807462280337544
ACH-000008,0.29397896634004245,0.3482567008373224,0.3577643328226352
ACH-000411,0.29079530415665616,0.32885818985411425,0.3803465059892296
ACH-001328,0.3330478570818176,0.35905258437200416,0.3078995585461781
ACH-000802,0.3528922999270442,0.3522163248835452,0.29489137518941066
ACH-000856,0.3597859795751928,0.2985582305343181,0.341655789890489
ACH-001642,0.3639114973377424,0.3356742022799858,0.3004143003822718
ACH-000062,0.3464175258460745,0.3520970329139078,0.3014854412400178
ACH-000269,0.2687576986682055,0.32605146770479077,0.40519083362700375
ACH-000157,0.33495006113392783,0.3741421823173578,0.29090775654871437
ACH-000697,0.3701416316904737,0.31939323757046423,0.3104651307390622
ACH-000257,0.3105716948269007,0.38104672976048726,0.3083815754126121
ACH-001338,0.3754906458203133,0.3193247257290045,0.30518462845068217
ACH-000464,0.29728912220693515,0.3363396867720161,0.3663711910210487
ACH-000113,0.42677848076867964,0.3003120742192303,0.27290944501209
ACH-000457,0.35502816887156213,0.2960713452777264,0.34890048585071154
ACH-000308,0.3368201860187376,0.3169315528285495,0.34624826115271296
ACH-000252,0.2758042377916539,0.29383423539240155,0.4303615268159446
ACH-000956,0.31182819875716733,0.33303335010760415,0.35513845113522846
ACH-001307,0.2863919149866104,0.349595148030576,0.36401293698281356
ACH-000456,0.3109924999058809,0.3377405184022609,0.3512669816918582
ACH-000902,0.34288888023250685,0.31745748544389635,0.3396536343235968
ACH-000267,0.3718863258127198,0.340798888756309,0.2873147854309711
ACH-000293,0.3587267346631712,0.334151510629999,0.3071217547068299
ACH-000345,0.3681046618463051,0.3612123762804498,0.2706829618732452
ACH-000183,0.3988837459041285,0.32240687047704136,0.2787093836188302
ACH-000876,0.32020534304618714,0.3190512158421922,0.36074344111162066
ACH-000587,0.34351249715190274,0.31820095372203655,0.33828654912606065
ACH-000678,0.32015722226061455,0.37349469662653945,0.306348081112846
ACH-000621,0.32827329904101393,0.3713713314290041,0.300355369529982
ACH-000356,0.29598110564036745,0.3094931960200794,0.3945256983395532
ACH-000789,0.2966537585058243,0.33442302857430445,0.36892321291987124
ACH-000139,0.2832678873906035,0.3713821244695398,0.3453499881398568
ACH-000060,0.28928910495807625,0.341907362441355,0.3688035326005687
ACH-000965,0.3770038283957553,0.3097995112609107,0.31319666034333393
ACH-001384,0.30792372441759736,0.2982956695810781,0.3937806060013244
ACH-000694,0.3664716535699349,0.3299869695937895,0.3035413768362757
ACH-000488,0.30702484499048616,0.35379566585376987,0.339179489155744
ACH-000605,0.37339752680012683,0.3246029256489083,0.3019995475509648
ACH-000927,0.31255688601213,0.29475241736015256,0.3926906966277175
ACH-000116,0.3764910096873795,0.31589102659340296,0.30761796371921757
ACH-000596,0.3024106173793025,0.3408196519974235,0.35676973062327405
ACH-000103,0.3833882845262561,0.31807582043964727,0.2985358950340966
ACH-000818,0.31070444945956927,0.297757773887821,0.39153777665260964
ACH-000804,0.39032680024237004,0.3413262641395711,0.2683469356180587
ACH-000995,0.4539377556763307,0.29796216870145736,0.2481000756222119
ACH-000957,0.2687633421282755,0.31756396568756345,0.41367269218416103
ACH-000794,0.3348554396662798,0.3738024566701506,0.29134210366356966
ACH-001332,0.3426407273637538,0.3390797715192012,0.318279501117045
ACH-000963,0.29770841418850863,0.3336139693343194,0.368677616477172
ACH-000978,0.34158218382434286,0.36612487964057094,0.29229293653508626
ACH-000906,0.28752842510875043,0.3248547645453838,0.38761681034586576
ACH-000574,0.32623696772350963,0.34570473397469664,0.3280582983017937
ACH-000843,0.311549490126122,0.33521021915934074,0.35324029071453733
ACH-000878,0.3213979258312197,0.3362381216529066,0.3423639525158737
ACH-000840,0.3017586750844867,0.338134931083427,0.36010639383208626
ACH-000667,0.31337844936541925,0.38317390745841023,0.30344764317617057
ACH-000012,0.28881515878289965,0.3163324397457724,0.3948524014713279
ACH-000625,0.3130907135427886,0.3277624019564969,0.35914688450071447
ACH-000067,0.2728506920736928,0.32751707218418213,0.39963223574212503
ACH-000616,0.3024289149965798,0.29472232645385976,0.40284875854956037
ACH-000650,0.2871037885565969,0.297669668119177,0.4152265433242261
ACH-001528,0.34307648184074585,0.3453753724183461,0.311548145740908
ACH-000919,0.28693189419066567,0.3383721224374263,0.37469598337190796
ACH-000577,0.3116561672318133,0.33228405970958846,0.3560597730585983
ACH-000217,0.29442605173338776,0.33899103732295416,0.36658291094365814
ACH-000848,0.3062292897353792,0.34861589963317974,0.34515481063144093
ACH-000607,0.33316611928440953,0.37677684331414085,0.2900570374014495
ACH-000819,0.29565410873289655,0.36509246200689754,0.33925342926020596
ACH-000573,0.29660437517770566,0.33902424093461847,0.3643713838876759
ACH-000935,0.2948795589842236,0.2927554814448997,0.41236495957087665
ACH-000988,0.31022301712220407,0.3441633492558709,0.345613633621925
ACH-000058,0.3240065932982076,0.3205625386633243,0.35543086803846813
ACH-001360,0.3691967577361378,0.33216704499424227,0.29863619726962
ACH-000559,0.3081070131564601,0.3354928500301479,0.35640013681339194
ACH-000894,0.30614404567590203,0.34625982188331794,0.34759613244077997
ACH-000434,0.30160305837115664,0.3210086378960822,0.3773883037327611
ACH-000414,0.3253264281652241,0.3667515255553154,0.3079220462794603
ACH-000752,0.308642946165507,0.3690983243503841,0.3222587294841089
ACH-000781,0.3258870463094011,0.3778155129446991,0.2962974407458997
ACH-000639,0.3095703387798573,0.32110649598500324,0.36932316523513953
ACH-000337,0.29156930839257855,0.31961597042616835,0.3888147211812531
ACH-000378,0.3328055922168709,0.34638219083155514,0.3208122169515739
ACH-000292,0.3515567440022399,0.3576314747586019,0.2908117812391582
ACH-001626,0.3294804630378522,0.3556740986110985,0.31484543835104933
ACH-000527,0.38874764514424764,0.3127576188156498,0.29849473604010246
ACH-000443,0.3545070683461425,0.3171957770516886,0.32829715460216885
ACH-000619,0.3039644078392345,0.35472729586214463,0.3413082962986208
ACH-000144,0.3438650491758489,0.3244389419820074,0.3316960088421436
ACH-000100,0.3837675885632313,0.32214271125646626,0.29408970018030245
ACH-001650,0.3521368915005005,0.3573956148877585,0.29046749361174107
ACH-001655,0.32935132196643,0.3299011113225153,0.3407475667110547
ACH-000221,0.38258385584297916,0.3199721621806976,0.2974439819763232
ACH-000114,0.30373652453545436,0.37150543344870524,0.3247580420158405
ACH-000652,0.28547584981089574,0.3666444010894957,0.3478797490996086
ACH-000424,0.34011593565633236,0.36448901243661697,0.2953950519070506
ACH-000885,0.3754215096933974,0.3001853574118805,0.32439313289472216
ACH-000484,0.2941229030371194,0.34878333160749186,0.3570937653553887
ACH-000336,0.40902264817737854,0.30219478234087077,0.28878256948175074
ACH-001443,0.31575579867193376,0.34326209752059167,0.3409821038074746
ACH-000516,0.3063285881520142,0.3082409623660818,0.3854304494819041
ACH-000249,0.27744874402614417,0.31577387823605035,0.4067773777378054
ACH-000243,0.27773539424927807,0.3601707130199623,0.3620938927307596
ACH-000117,0.3365434249360939,0.3328079288091373,0.3306486462547688
ACH-000633,0.3229086624867585,0.35164805572099,0.3254432817922515
ACH-000352,0.31749608516218647,0.29452037585122676,0.38798353898658666
ACH-000562,0.30107713253372614,0.3579364107646485,0.34098645670162536
ACH-000105,0.45650204369410774,0.2937086925042299,0.2497892638016625
ACH-000981,0.4422303390952215,0.30706176284880343,0.25070789805597504
ACH-000821,0.34451949340508947,0.34229165981630527,0.3131888467786053
ACH-001498,0.4263257304636516,0.2977348239360414,0.2759394456003071
ACH-001086,0.30690360646647036,0.36342213700767656,0.32967425652585297
ACH-000270,0.2852857613219913,0.37160162423122056,0.3431126144467882
ACH-000178,0.28654457419727936,0.33434841955146294,0.37910700625125765
ACH-000814,0.29844500731049417,0.30603702168105684,0.395517971008449
ACH-000684,0.3314819578280441,0.3173631297989212,0.3511549123730347
ACH-000250,0.29652697734503086,0.3087490968227432,0.3947239258322259
ACH-001542,0.3244967758132509,0.35889744529997786,0.3166057788867712
ACH-000281,0.2943885525476659,0.3174762109796469,0.3881352364726873
ACH-000108,0.2719937696503922,0.3447416512614297,0.3832645790881782
ACH-000176,0.30968169163499715,0.34823256584709117,0.3420857425179117
ACH-000852,0.2994524420740289,0.35837874170976397,0.3421688162162071
ACH-000379,0.3486699802958753,0.3088740748524032,0.34245594485172137
ACH-000929,0.32401584727128463,0.38978804850967663,0.2861961042190386
ACH-000924,0.35954221450402674,0.33280070190728833,0.30765708358868493
ACH-000186,0.28848807865555703,0.37810692247617195,0.33340499886827096
ACH-000674,0.2969096579127475,0.31071213342557336,0.3923782086616793
ACH-000247,0.2790195866666635,0.29919333574292223,0.42178707759041434
ACH-001625,0.29276840933120624,0.34709077324896526,0.36014081741982845
ACH-000663,0.33702524559217273,0.3089818695541784,0.35399288485364894
ACH-000042,0.27630992628547907,0.33565787801521774,0.3880321956993032
ACH-000235,0.27889340342622176,0.3411913095078837,0.3799152870658945
ACH-000599,0.2751778627883106,0.35164679195840437,0.3731753452532851
ACH-000347,0.276205583934104,0.33571166987391043,0.3880827461919855
ACH-000482,0.3610230819922596,0.3154575059422679,0.3235194120654725
ACH-000442,0.3051842942244449,0.3325503310668667,0.3622653747086885
ACH-000505,0.2901259475773614,0.318194715249822,0.3916793371728166
ACH-001641,0.3290511708939409,0.3365315350412444,0.3344172940648147
ACH-000890,0.2685831191388759,0.3280412760671658,0.40337560479395834
ACH-000561,0.37359913531999905,0.30918475070409396,0.317216113975907
ACH-000048,0.3623621684363512,0.33448254801847643,0.3031552835451723
ACH-000827,0.28826503460557124,0.36251954365706696,0.34921542173736186
ACH-000162,0.45759412935298555,0.2992855144437121,0.24312035620330233
ACH-000073,0.3999811493076826,0.3344623431219396,0.2655565075703778
ACH-000349,0.3054499827920335,0.2908014082087381,0.40374860899922843
ACH-000515,0.3755993154521008,0.3343924110501624,0.2900082734977368
ACH-000294,0.44206202058948973,0.30367261477271595,0.2542653646377942
ACH-000357,0.43545114873296603,0.32229283559500815,0.24225601567202584
ACH-000653,0.37310690486243814,0.3507815069696108,0.27611158816795106
ACH-000151,0.45019387376413017,0.31105770922690024,0.2387484170089696
ACH-000193,0.40530359162746404,0.31246958558363985,0.282226822788896
ACH-000983,0.38064294401767745,0.3293815889749517,0.2899754670073709
ACH-001106,0.4441885598334758,0.2917721963635101,0.2640392438030141
ACH-000702,0.35990485587208426,0.3329234418769147,0.307171702251001
ACH-000439,0.41540490658345947,0.3237665565880452,0.26082853682849527
ACH-000362,0.4441184181064097,0.3003769888249222,0.2555045930686682
ACH-000369,0.3844876462157276,0.3238647740073073,0.2916475797769651
ACH-000745,0.34556287698089166,0.3488986518914462,0.305538471127662
ACH-000129,0.3196869370667106,0.3638964708062625,0.31641659212702694
ACH-000586,0.3189306643474065,0.36404636523464606,0.3170229704179474
ACH-000287,0.444389865077682,0.31239294908868936,0.2432171858336287
ACH-000124,0.4419609882101318,0.3090667668006322,0.24897224498923595
ACH-000751,0.38596486010014375,0.3281321647633187,0.2859029751365376
ACH-000922,0.44130704866181725,0.3094136544698982,0.2492792968682846
ACH-001638,0.3548710408120471,0.3630083104993507,0.28212064868860226
ACH-000271,0.4641595867009555,0.2826388464148972,0.2532015668841473
ACH-000365,0.457773885024761,0.29625205628207135,0.24597405869316766
ACH-000611,0.4414258408623414,0.30379995202310245,0.2547742071145561
ACH-000656,0.4518873165754621,0.3005290934598074,0.24758358996473054
ACH-000226,0.3840341362390325,0.3331305318485886,0.28283533191237903
ACH-000534,0.46180758173233605,0.27996148936244364,0.2582309289052203
ACH-000132,0.3308661077067139,0.3327250451538836,0.3364088471394026
ACH-000584,0.3879068551753811,0.30824046243204545,0.3038526823925734
ACH-000688,0.33576904087090864,0.3055239099048817,0.3587070492242096
ACH-000091,0.3191214028766596,0.3219136394166307,0.3589649577067098
ACH-000947,0.3449209841634888,0.3681570887273439,0.2869219271091673
ACH-001418,0.36177227187872957,0.33591986928831635,0.30230785883295413
ACH-001500,0.30846293608130954,0.37080616907548514,0.3207308948432052
ACH-001368,0.3622821465339403,0.3304903563034933,0.3072274971625665
ACH-001653,0.3010036500309067,0.36975997132571825,0.3292363786433751
ACH-001654,0.30177670334257023,0.3372953600339321,0.3609279366234976
ACH-001496,0.29107578658504574,0.3568492915275805,0.3520749218873739
ACH-001497,0.2960396284527638,0.37911008126758444,0.32485029027965173
ACH-000917,0.3147061007419297,0.3465748011636189,0.3387190980944515
ACH-000714,0.33231218487176645,0.3304389956751086,0.3372488194531249
ACH-000763,0.3598124242925077,0.32246773224885145,0.3177198434586409
