,0,1,2
ACH-001711,0.4027423475851758,0.27609548485328994,0.32116216756153426
ACH-000052,0.6521485242813341,0.1606820700801362,0.18716940563852977
ACH-000087,0.7140138137146304,0.1428291362327377,0.14315705005263185
ACH-000644,0.11829464991285747,0.34359404740105964,0.5381113026860828
ACH-000905,0.18646568562308233,0.5723365563950141,0.24119775798190354
ACH-000242,0.19075850523805937,0.5290987620941907,0.2801427326677498
ACH-000384,0.24039693006915897,0.5171745987728265,0.24242847115801464
ACH-000720,0.14469987021152964,0.5812596302584956,0.27404049952997483
ACH-000323,0.10764786231167175,0.28822008281012296,0.6041320548782053
ACH-000137,0.16395652635963817,0.31811467527471265,0.5179287983656492
ACH-000558,0.11480715359016909,0.45508940740862486,0.43010343900120607
ACH-000738,0.13671942883885943,0.3705866922618594,0.4926938788992812
ACH-000571,0.10601624978258203,0.3043565094592864,0.5896272407581316
ACH-000040,0.23102826170316873,0.3159831256878159,0.4529886126090153
ACH-000570,0.13014214992687778,0.21114496629848625,0.658712883774636
ACH-000867,0.22619976229868283,0.3557112805533144,0.41808895714800265
ACH-000392,0.3173427770476018,0.34671866717875,0.33593855577364834
ACH-000662,0.18403073634495334,0.6330037498325657,0.1829655138224809
ACH-000769,0.5252976816907055,0.2191700571126658,0.2555322611966287
ACH-000589,0.1923733071016617,0.332482484708096,0.4751442081902422
ACH-000744,0.16663841376753422,0.5563109059254968,0.27705068030696894
ACH-000766,0.4057983641808256,0.3876828593693691,0.2065187764498053
ACH-000035,0.13293237670556943,0.6187344871867017,0.24833313610772884
ACH-000733,0.15415358675176946,0.5705722467099545,0.2752741665382759
ACH-000451,0.12759501845495883,0.551044801791798,0.32136017975324316
ACH-000481,0.3492234533124034,0.4075961350327165,0.2431804116548802
ACH-000447,0.16735930796449716,0.3546004011473385,0.47804029088816435
ACH-000951,0.34821916845260836,0.36171595875071494,0.29006487279667664
ACH-000875,0.14217629438138266,0.5975524921823061,0.26027121343631116
ACH-000121,0.13563189130532452,0.2830011580865316,0.5813669506081439
ACH-000853,0.14106157973564495,0.36147346224940136,0.4974649580149536
ACH-000187,0.798949987771403,0.12277735648089161,0.07827265574770545
ACH-000530,0.2949952040310351,0.2511633310500926,0.4538414649188724
ACH-000749,0.4536620898585741,0.2442368019916953,0.30210110814973073
ACH-000866,0.6345440099122205,0.16346965220843906,0.2019863378793405
ACH-000514,0.8341843527024572,0.09480345624387249,0.0710121910536704
ACH-000431,0.6469749664953609,0.20571135531202817,0.14731367819261096
ACH-000729,0.8105968482221431,0.11038041569532768,0.07902273608252931
ACH-000298,0.777783845563969,0.11935221064968372,0.10286394378634725
ACH-000290,0.8068615523834909,0.09742975775563398,0.09570868986087518
ACH-000525,0.7977205225361387,0.11187367915179847,0.09040579831206294
ACH-000610,0.656064841655403,0.2130695676839457,0.13086559066065132
ACH-000800,0.6656367278464798,0.18406169335965583,0.1503015787938645
ACH-000767,0.7320668353689487,0.18334565208054168,0.08458751255050956
ACH-000358,0.8052990166676515,0.10731543589032932,0.08738554744201919
ACH-000355,0.6256630050382967,0.24840820454754978,0.1259287904141535
ACH-000153,0.1140479096470835,0.5144710890352839,0.37148100131763245
ACH-000366,0.762429744068196,0.13188760849519507,0.105682647436609
ACH-000670,0.25528519105327024,0.43068461292466986,0.3140301960220599
ACH-001549,0.7300280180942808,0.13192177283808612,0.1380502090676332
ACH-000149,0.36127058932147804,0.24821004811597852,0.39051936256254355
ACH-000521,0.09216927900577783,0.3138579285673764,0.5939727924268458
ACH-000311,0.1844503638339976,0.5441755702732589,0.2713740658927435
ACH-000675,0.2744639407192035,0.48070341289562457,0.24483264638517202
ACH-000945,0.1524653879339249,0.35679342800239894,0.4907411840636762
ACH-000018,0.10180102582879856,0.5372636306201254,0.36093534355107604
ACH-000050,0.49381374110523724,0.2734860183129614,0.2327002405818014
ACH-000260,0.23417375240096253,0.2908488509021379,0.4749773966968994
ACH-000510,0.1328803615380998,0.21533334916940905,0.6517862892924912
ACH-000841,0.20095250733685588,0.5113214493254896,0.28772604333765445
ACH-000522,0.11262098726715167,0.21199101791508446,0.6753879948177638
ACH-000775,0.5300226305554541,0.28686181717748227,0.18311555226706372
ACH-000264,0.2698076050781213,0.33488324283033216,0.3953091520915466
ACH-000438,0.13223395633066673,0.34117531697792747,0.5265907266914057
ACH-000666,0.14307234581390157,0.25042238133601435,0.606505272850084
ACH-000496,0.2654539971814271,0.3565802410535696,0.3779657617650033
ACH-000094,0.345694071369562,0.34661042072715,0.3076955079032881
ACH-000601,0.0870633798807134,0.1818941679782991,0.7310424521409875
ACH-000790,0.7532636895650495,0.14152614901926247,0.10521016141568812
ACH-000886,0.17051798123590303,0.5598545299175987,0.2696274888464982
ACH-000718,0.15590720264092886,0.5801904514764137,0.2639023458826575
ACH-000677,0.11609002249777937,0.2021512316577359,0.6817587458444847
ACH-000408,0.2494579941399853,0.49569711267061656,0.25484489318939824
ACH-000859,0.19468646718878715,0.5188390041984944,0.28647452861271855
ACH-000374,0.3362193385956613,0.3186431811774361,0.3451374802269026
ACH-000111,0.30413375736852255,0.444131815551433,0.25173442708004445
ACH-000699,0.11978628400219193,0.25032169303014723,0.6298920229676608
ACH-000223,0.20030138461729374,0.5704795071737011,0.22921910820900507
ACH-000691,0.3698674662454735,0.3056963945648775,0.3244361391896489
ACH-000755,0.17951884813822758,0.3461450101173599,0.4743361417444126
ACH-000276,0.39170768676771317,0.38488152961394656,0.22341078361834027
ACH-000603,0.6277215872096988,0.22200543644889437,0.15027297634140677
ACH-000548,0.23785317255691898,0.581609471434359,0.18053735600872198
ACH-000210,0.7413498054611477,0.10461301737036059,0.15403717716849186
ACH-000826,0.11656008330904483,0.5948100201029651,0.28862989658799004
ACH-000518,0.26662037075978473,0.4621689056669899,0.27121072357322534
ACH-000703,0.8277119214936856,0.0922474429014737,0.08004063560484073
ACH-000563,0.321735613168235,0.3632571121170701,0.3150072747146949
ACH-000305,0.2054623707584352,0.39044912528280934,0.40408850395875545
ACH-000585,0.16772116137774531,0.586352227535962,0.2459266110862927
ACH-000472,0.15891378678497664,0.5314410047124728,0.3096452085025506
ACH-000396,0.10044259008296116,0.5028044661932494,0.3967529437237895
ACH-000858,0.14775244913512134,0.3436871673800567,0.5085603834848219
ACH-000265,0.09244720158457008,0.15904313587790173,0.7485096625375282
ACH-000823,0.20501044325608722,0.2859167852184575,0.5090727715254553
ACH-000809,0.13266769340362178,0.38114680224581055,0.4861855043505677
ACH-000637,0.15319817835036229,0.5738808988384905,0.27292092281114716
ACH-000784,0.19910212167250133,0.2867935683945483,0.5141043099329504
ACH-000627,0.11009501078965055,0.4109311306227643,0.478973858587585
ACH-000892,0.07597486969261916,0.47409174217588357,0.4499333881314972
ACH-001075,0.12898916605830169,0.6001439895950761,0.27086684434662217
ACH-000871,0.7857084134885406,0.11768322304333186,0.09660836346812761
ACH-000030,0.16689266205131864,0.6011683922215055,0.23193894572717583
ACH-000363,0.748384643625742,0.15987354931269424,0.0917418070615639
ACH-000626,0.4972404167213064,0.370814382185058,0.13194520109363547
ACH-000259,0.7260877989946896,0.16001452225398408,0.11389767875132631
ACH-000647,0.12461922122956809,0.6731839279833985,0.20219685078703345
ACH-000318,0.19098391786680796,0.348624004075384,0.46039207805780796
ACH-000452,0.19446411697003604,0.4492186486648261,0.35631723436513785
ACH-000354,0.2275287466371433,0.5097664980233002,0.2627047553395564
ACH-000001,0.2250346388520281,0.4686790244185002,0.3062863367294719
ACH-000090,0.13497480629658223,0.594560373215456,0.27046482048796183
ACH-000971,0.2013259858283777,0.44165510812970576,0.3570189060419164
ACH-000997,0.20030169246004914,0.27676062689779957,0.5229376806421513
ACH-000002,0.7130919276338586,0.1479478570499693,0.1389602153161721
ACH-000552,0.25193812896097656,0.5010182690433317,0.24704360199569173
ACH-000551,0.49304716459632014,0.37449833985936976,0.1324544955443101
ACH-000900,0.08442196011198948,0.2259251268027463,0.6896529130852642
ACH-000463,0.0951840887237193,0.2527573816730496,0.6520585296032311
ACH-000343,0.27374803049663016,0.1933447551967643,0.5329072143066056
ACH-000147,0.21467344474499492,0.49441355790748054,0.29091299734752446
ACH-000019,0.18929119051368745,0.31469618494619145,0.49601262454012107
ACH-000649,0.13310231176977386,0.3181091116540029,0.5487885765762234
ACH-000555,0.15221939018790626,0.47820045170545594,0.3695801581066377
ACH-000681,0.07731587587894134,0.17908108490632046,0.7436030392147382
ACH-000046,0.12270661814145876,0.25991512280768003,0.6173782590508613
ACH-000288,0.09283692744751353,0.2010422061773108,0.7061208663751757
ACH-000615,0.09566814929995661,0.2518525741488289,0.6524792765512145
ACH-001190,0.12138326442098808,0.2959643036472886,0.5826524319317233
ACH-000730,0.09498065802022358,0.27135915637393343,0.6336601856058431
ACH-000148,0.11868054723844894,0.5284425852666386,0.3528768674949126
ACH-000811,0.15787841720225854,0.28297747157503017,0.5591441112227112
ACH-000768,0.1100146387030769,0.5446613322930042,0.3453240290039189
ACH-000651,0.31214326771502193,0.228423414290456,0.4594333179945221
ACH-000433,0.10617607640066276,0.35775947485915915,0.536064448740178
ACH-000817,0.6952431871141403,0.1871632961929661,0.11759351669289354
ACH-000338,0.5621158536116063,0.27282625151062845,0.16505789487776537
ACH-000966,0.13136954116499938,0.24633037748829056,0.6223000813467101
ACH-001151,0.15704193983343911,0.2947647963397521,0.5481932638268088
ACH-000706,0.10827387600959786,0.2567227068063798,0.6350034171840224
ACH-000861,0.09879108049484996,0.28222744146022144,0.6189814780449285
ACH-000825,0.17742902310399225,0.46830059754471853,0.35427037935128924
ACH-000750,0.1193362859472398,0.4526074188920606,0.42805629516069976
ACH-000425,0.09304033183107303,0.26822029029704886,0.6387393778718781
ACH-000579,0.12666229038807064,0.27165734445874357,0.6016803651531858
ACH-000428,0.12975992548209203,0.32311424487545326,0.5471258296424548
ACH-000504,0.10755392660115602,0.2065451410918666,0.6859009323069774
ACH-000232,0.13804551196306092,0.3051262604990645,0.5568282275378745
ACH-000273,0.09064747609037639,0.2646777228280258,0.6446748010815977
ACH-000376,0.07204216932531306,0.2761574540096226,0.6518003766650643
ACH-000655,0.11934435983970172,0.2515414105910432,0.6291142295692552
ACH-000617,0.17052246911801142,0.3623998870454565,0.46707764383653216
ACH-000696,0.1326090874778786,0.23807994954545897,0.6293109629766624
ACH-000535,0.2404009905048612,0.44232072335311307,0.31727828614202574
ACH-001016,0.153116027165909,0.2614182337986054,0.5854657390354856
ACH-000880,0.3364794285113019,0.3592751877380838,0.3042453837506142
ACH-000528,0.18801581788181723,0.531273376453466,0.28071080566471684
ACH-000788,0.10299660089897017,0.5091380046187153,0.3878653944823147
ACH-000219,0.10722095522797469,0.5042264317759476,0.38855261299607774
ACH-000740,0.17214482891726818,0.39011584918871267,0.4377393218940192
ACH-001306,0.1425994335361246,0.5704688451689137,0.28693172129496175
ACH-000896,0.12240542928629888,0.5314063605441718,0.3461882101695293
ACH-000070,0.7999821144822109,0.10164974677435977,0.09836813874342924
ACH-000536,0.16042195431858636,0.62323173427064,0.21634631141077362
ACH-000657,0.20827304305684818,0.248265350124271,0.5434616068188809
ACH-000161,0.2405147173373614,0.4183164630267718,0.34116881963586676
ACH-000508,0.8086805334684768,0.11892036861265474,0.07239909791886841
ACH-000401,0.09913889017340875,0.25336031813020116,0.6475007916963901
ACH-000717,0.25504073265867205,0.3936490870850316,0.3513101802562964
ACH-000805,0.1330932121686938,0.40273552406633806,0.46417126376496814
ACH-000120,0.3545545898921801,0.2635434754057085,0.38190193470211153
ACH-000138,0.35079095199766896,0.31240674671430174,0.3368023012880293
ACH-001336,0.2128108755647725,0.4944394293726567,0.29274969506257087
ACH-000713,0.2925243678269441,0.43639391747100403,0.2710817147020519
ACH-000212,0.19649179830029415,0.3463071475824316,0.45720105411727424
ACH-001715,0.12015565010370324,0.20107150271047058,0.6787728471858261
ACH-000174,0.3301500131405313,0.31250389967193415,0.35734608718753463
ACH-000786,0.6751466594651615,0.2150046234638893,0.10984871707094923
ACH-000334,0.6974795365116215,0.17671046462148673,0.12580999886689184
ACH-000211,0.1412856466482251,0.22495336219831893,0.633760991153456
ACH-000055,0.7257473342822818,0.15287032192687264,0.12138234379084555
ACH-000863,0.18600738024737215,0.39069971702487427,0.4232929027277536
ACH-000233,0.30718038607403253,0.4785136764613857,0.21430593746458176
ACH-000244,0.15781708794674074,0.4748784952565161,0.3673044167967432
ACH-000056,0.7523729900746625,0.13895320184586943,0.10867380807946815
ACH-001341,0.37825051003654064,0.3636521588355603,0.258097331127899
ACH-000258,0.6434157264973759,0.17902687618664187,0.17755739731598227
ACH-000560,0.7716457290532769,0.11022853357320747,0.11812573737351548
ACH-000225,0.7097759783678357,0.1830793365821613,0.10714468505000306
ACH-000330,0.2639340839194042,0.43407468299002755,0.3019912330905682
ACH-000936,0.15032419800528882,0.28604407146779554,0.5636317305269156
ACH-000295,0.8027094266035718,0.10738974031994404,0.08990083307648414
ACH-000198,0.8222995928031873,0.11012545458919351,0.06757495260761909
ACH-000846,0.16462968470838013,0.4236292522974649,0.4117410629941551
ACH-000098,0.09726003889808597,0.3001586625923644,0.6025812985095497
ACH-000081,0.8153129843839056,0.10545414755685979,0.07923286805923463
ACH-000756,0.141575688195419,0.4019572684515915,0.4564670433529893
ACH-001716,0.4870502674667434,0.21168568701352805,0.3012640455197286
ACH-000835,0.11981000563711271,0.33298742286916017,0.5472025714937271
ACH-000913,0.13563916856095956,0.26087332689058457,0.6034875045484559
ACH-000930,0.3871985304751398,0.29355446079925707,0.3192470087256032
ACH-000624,0.27131792106724767,0.5024972417439586,0.22618483718879376
ACH-000668,0.23305943496764914,0.5363978258413323,0.23054273919101848
ACH-001517,0.13768774873911796,0.4072529196628658,0.45505933159801626
ACH-000004,0.7806213167715033,0.1377741005138931,0.08160458271460366
ACH-000847,0.2585337744214296,0.33008644664203496,0.4113797789365354
ACH-000061,0.5808181930659274,0.18136173019472426,0.2378200767393484
ACH-000778,0.0962203580665575,0.5352419825821493,0.3685376593512932
ACH-000546,0.22453457591211118,0.3440888103457044,0.4313766137421844
ACH-000914,0.5465561264709701,0.2626819696714661,0.1907619038575638
ACH-000054,0.1274389611545786,0.46558290430816923,0.4069781345372521
ACH-000547,0.1404576275642709,0.5983972635018604,0.26114510893386866
ACH-000322,0.074850585908032,0.4191929600425555,0.5059564540494125
ACH-001525,0.14930055731734523,0.5864027890314011,0.2642966536512537
ACH-000480,0.23156082335876121,0.3631482308616945,0.40529094577954433
ACH-001526,0.421098710106368,0.22916495950081528,0.3497363303928167
ACH-000538,0.17784659393402663,0.2885828239017503,0.533570582164223
ACH-000882,0.12526641622935597,0.42850619301497483,0.44622739075566914
ACH-000915,0.11594808617765963,0.2545849662974848,0.6294669475248555
ACH-001530,0.21394812366064367,0.4839543272702902,0.3020975490690661
ACH-000346,0.7173255411044437,0.18701008500489189,0.09566437389066443
ACH-000231,0.09708012190029987,0.20457003060994672,0.6983498474897534
ACH-000053,0.4948826791631401,0.24993537838939814,0.25518194244746173
ACH-000315,0.675716738927934,0.17879073825933012,0.1454925228127359
ACH-000263,0.805018093077686,0.1108686478818335,0.08411325904048059
ACH-000793,0.24900167597985098,0.31225010533343667,0.4387482186867123
ACH-000101,0.8169083923179171,0.09927745901798803,0.08381414866409487
ACH-000386,0.7732592976810593,0.13070927552840403,0.09603142679053664
ACH-000380,0.7503743471943616,0.15029254642417922,0.0993331063814592
ACH-000622,0.2499225279857365,0.15500407469818622,0.5950733973160773
ACH-000213,0.24528689955588542,0.4372129751158074,0.3175001253283073
ACH-000926,0.2548504840203033,0.39802037429128306,0.3471291416884136
ACH-000986,0.20883196804145357,0.37451341833817753,0.4166546136203689
ACH-001345,0.26480953133388146,0.35551418200656404,0.37967628665955444
ACH-000698,0.6808380072139321,0.17557757332779816,0.14358441945826977
ACH-000375,0.1386897192836876,0.14487341114508143,0.7164368695712309
ACH-000074,0.7627655066009077,0.12904173781140962,0.10819275558768264
ACH-000631,0.13646749403564176,0.23856304954929045,0.6249694564150677
ACH-000693,0.13308683821725317,0.40058934220116177,0.46632381958158514
ACH-000873,0.2563891580376368,0.34717396927746863,0.39643687268489464
ACH-000865,0.2038028295076795,0.5495367830745241,0.2466603874177964
ACH-000824,0.2045780831552561,0.5462540310167343,0.24916788582800953
ACH-000754,0.6497987052249681,0.1847922176897722,0.16540907708525981
ACH-000806,0.6084155288965517,0.25861931412198813,0.13296515698146028
ACH-000301,0.7490652510641573,0.15302949368968966,0.09790525524615305
ACH-000104,0.8177732681821108,0.0903552317849275,0.0918715000329618
ACH-000950,0.23777932813731534,0.47624509872991944,0.28597557313276517
ACH-000204,0.5863397805539794,0.24745176211299738,0.16620845733302325
ACH-000501,0.25838522187482493,0.5544342072438692,0.18718057088130596
ACH-000985,0.4194397507339322,0.2733773766895719,0.3071828725764959
ACH-000583,0.5424925396715139,0.31859508005714743,0.1389123802713386
ACH-000759,0.21650019300976606,0.3462844321769656,0.4372153748132684
ACH-000934,0.16307445051595276,0.5356111860975276,0.3013143633865196
ACH-000910,0.2316147766043651,0.28410916017554505,0.4842760632200898
ACH-000849,0.24096145503461666,0.5291755554294666,0.2298629895359167
ACH-000450,0.11484405341311607,0.3969263290278631,0.4882296175590208
ACH-000881,0.0809274681747219,0.23552545876886202,0.6835470730564162
ACH-000072,0.7600717333235668,0.1386166466602505,0.10131162001618264
ACH-000449,0.19231562898436613,0.3331292072023922,0.47455516381324175
ACH-000987,0.10748579429502278,0.1657337627097055,0.7267804429952717
ACH-000192,0.47309232320411576,0.26106706534193985,0.26584061145394433
ACH-000879,0.14533307216611707,0.17631819834481474,0.6783487294890681
ACH-000359,0.10753573119843277,0.3167084201197004,0.5757558486818668
ACH-000020,0.8391354969406271,0.09149194337682495,0.06937255968254796
ACH-000156,0.8406966302740871,0.08257103562469621,0.07673233410121683
ACH-000391,0.6001886217874898,0.2014438280891501,0.1983675501233602
ACH-000078,0.7605452795562293,0.13997853676176863,0.09947618368200205
ACH-000351,0.15078552922870717,0.4098149526321836,0.4393995181391092
ACH-000006,0.7751759294421924,0.13212742587620183,0.09269664468160575
ACH-000319,0.11665628091143967,0.4998940642638957,0.3834496548246646
ACH-000335,0.24500973265819018,0.309185651509884,0.44580461583192593
ACH-000938,0.8155197361987546,0.10876316226011648,0.07571710154112891
ACH-000944,0.6225384455121347,0.2284668091148172,0.14899474537304813
ACH-000360,0.3706128667925468,0.3744832637493576,0.2549038694580955
ACH-000395,0.39973115796101943,0.27329749402128634,0.32697134801769423
ACH-000932,0.18472546048037117,0.38506013135270145,0.4302144081669275
ACH-000303,0.13216699608178026,0.4115632042966256,0.4562697996215941
ACH-000581,0.4114768571632963,0.2853272783922468,0.30319586444445695
ACH-001603,0.7901059898653001,0.10460475611039806,0.10528925402430185
ACH-000200,0.11775971748497273,0.5290451231502719,0.35319515936475526
ACH-000168,0.6676928486586928,0.22091083703795034,0.11139631430335692
ACH-000911,0.15561232862446125,0.5924481783378882,0.25193949303765056
ACH-000403,0.12980522608728182,0.6399952822621944,0.2301994916505238
ACH-000491,0.29292354196653086,0.37756524680553116,0.3295112112279379
ACH-000628,0.14401251069524004,0.6114328474203361,0.24455464188442386
ACH-000638,0.2303506240481796,0.4027409539940234,0.366908421957797
ACH-000427,0.234658280608642,0.4986382489112917,0.2667034704800663
ACH-000888,0.1422181862009149,0.33478992379000955,0.5229918900090756
ACH-000860,0.21787788724302382,0.35269146522037215,0.42943064753660404
ACH-000980,0.6850772216485609,0.1469319253198679,0.16799085303157119
ACH-000780,0.7986885176583799,0.11881127211549088,0.08250021022612929
ACH-000830,0.8270119332850182,0.09166064049423452,0.0813274262207472
ACH-000015,0.27932945849029667,0.41266718309346606,0.30800335841623727
ACH-000916,0.24695524213152842,0.44495735987625057,0.308087397992221
ACH-000448,0.19876019457129776,0.4431841949550565,0.3580556104736457
ACH-000747,0.08049231207270507,0.2341940097605547,0.6853136781667402
ACH-000282,0.15420074093080072,0.5458381643544847,0.2999610947147145
ACH-000394,0.7351995209383381,0.17453595253941076,0.09026452652225109
ACH-000399,0.7614305562849765,0.10612862057858763,0.13244082313643585
ACH-000776,0.14406706390353785,0.38449409565144277,0.4714388404450193
ACH-000024,0.6454345464627715,0.25109061259828114,0.10347484093894736
ACH-000372,0.8281213416075227,0.0943055288591929,0.07757312953328438
ACH-000770,0.8198169939858088,0.09837489054206386,0.08180811547212744
ACH-001374,0.4573689370365475,0.2156595187115869,0.32697154425186575
ACH-000937,0.8402260093632149,0.0886549116213625,0.07111907901542255
ACH-000654,0.4920059109014251,0.25890022964455023,0.24909385945402468
ACH-000565,0.2887244307904043,0.5211721692572565,0.19010339995233916
ACH-000169,0.4528740585927871,0.2510332206863341,0.29609272072087883
ACH-000960,0.8000583005819872,0.11151185044379117,0.08842984897422171
ACH-000943,0.19923494701232972,0.25359095752912525,0.5471740954585451
ACH-000719,0.3640236451656864,0.3799966842148748,0.25597967061943877
ACH-000636,0.8452368612257878,0.09043764419380287,0.06432549458040945
ACH-000874,0.7958061931412886,0.116768930769281,0.0874248760894303
ACH-000473,0.1993036029369878,0.4122296047821097,0.3884667922809025
ACH-000614,0.1902237577381826,0.32615511831462807,0.48362112394718926
ACH-000410,0.16830520618598632,0.19757621929698396,0.6341185745170298
ACH-000181,0.19924175509378622,0.5900177769287847,0.210740467977429
ACH-000609,0.12998678106704978,0.5551510661342405,0.3148621527987098
ACH-000441,0.14978162317376373,0.22869108808593674,0.6215272887402995
ACH-000112,0.5995072511258952,0.27719894435279124,0.1232938045213136
ACH-000748,0.12423342145792345,0.25894341078262645,0.6168231677594501
ACH-000373,0.7251215234642218,0.1494199909739553,0.12545848556182293
ACH-000465,0.2551273664967283,0.4024898809679198,0.3423827525353519
ACH-000423,0.10338608731615277,0.22014794413384606,0.6764659685500012
ACH-000822,0.1257612804513573,0.36342631489584204,0.5108124046528006
ACH-000810,0.10379030889304532,0.19527207903228977,0.7009376120746649
ACH-000640,0.1177908934275756,0.44799492015505515,0.43421418641736936
ACH-000665,0.13170735867173716,0.49398207494057916,0.37431056638768373
ACH-001193,0.5135495252183068,0.1859179015719321,0.30053257320976107
ACH-000939,0.1235192844248057,0.17135365342317135,0.705127062152023
ACH-000478,0.09845211670132524,0.3315892469237476,0.569958636374927
ACH-000493,0.10928877934259944,0.43610823289446393,0.45460298776293667
ACH-000420,0.10737940811662622,0.15434398017364717,0.7382766117097266
ACH-000664,0.44159595154771664,0.39319892000214973,0.1652051284501337
ACH-000953,0.7368378334582549,0.12063057929819412,0.14253158724355106
ACH-000437,0.10167608400830236,0.2490103131745499,0.6493136028171478
ACH-000489,0.24410673898158156,0.5029720525862579,0.25292120843216065
ACH-000236,0.33924410713051856,0.4140602365382943,0.24669565633118715
ACH-000470,0.2925204179158902,0.30757993327032773,0.39989964881378204
ACH-000566,0.1587590096738074,0.4169406514582834,0.42430033886790913
ACH-000883,0.11750135688572767,0.5004395914459652,0.382059051668307
ACH-000958,0.4155488821629655,0.33150356797867525,0.25294754985835927
ACH-001399,0.36949754501467796,0.3654712415146968,0.26503121347062525
ACH-000421,0.2974680896892169,0.3950331111330158,0.3074987991777674
ACH-001274,0.1468524112104426,0.4660196567907457,0.38712793199881174
ACH-000381,0.310420812603213,0.39938043571273607,0.2901987516840509
ACH-000197,0.8365435980667959,0.0911080038205628,0.07234839811264132
ACH-000949,0.2687926422644965,0.5138954553039018,0.21731190243160173
ACH-000430,0.11884844503456872,0.2434992451097099,0.6376523098557214
ACH-000364,0.19858679579158084,0.4776481288529692,0.32376507535545007
ACH-000554,0.19020126835182757,0.5660171631318835,0.24378156851628888
ACH-000171,0.1677732351797799,0.4484077516125466,0.3838190132076734
ACH-000304,0.14298204763248046,0.4757505768354738,0.38126737553204576
ACH-001709,0.7016250753130835,0.1809037317936832,0.11747119289323327
ACH-000332,0.28604757152800825,0.29313646794533943,0.42081596052665243
ACH-000469,0.1835995694616275,0.2917595475996765,0.5246408829386959
ACH-000828,0.179062948919511,0.39346330798583035,0.42747374309465874
ACH-000524,0.17447531069900687,0.5223294269090383,0.3031952623919549
ACH-000815,0.545833520217525,0.29538779271944393,0.15877868706303117
ACH-000679,0.27611994277225577,0.45945433062255087,0.26442572660519337
ACH-000416,0.0882036810718848,0.3211406712759921,0.5906556476521231
ACH-000704,0.12560905495272862,0.33940668646061184,0.5349842585866597
ACH-000383,0.1660316069973413,0.5662615154436795,0.26770687755897926
ACH-000998,0.2745164017763343,0.275651670006198,0.4498319282174678
ACH-000136,0.781965026820606,0.12293255001799896,0.09510242316139511
ACH-000350,0.23441034696531834,0.4296781221841508,0.3359115308505308
ACH-000864,0.68290018243603,0.1480879433173004,0.16901187424666958
ACH-000803,0.7438413000851946,0.15035782630991779,0.10580087360488778
ACH-000792,0.180618718369394,0.5076473695208533,0.31173391210975265
ACH-000009,0.19268083407298656,0.5518866886466681,0.25543247728034524
ACH-000188,0.20684794685974248,0.5172375011705241,0.2759145519697334
ACH-000222,0.22359877609884682,0.3737186924945754,0.4026825314065777
ACH-000440,0.6221851720040443,0.2723525673561858,0.10546226063976992
ACH-000248,0.16982563074385612,0.5912727343816137,0.2389016348745302
ACH-000245,0.5371010989780552,0.306753674555147,0.1561452264667978
ACH-000432,0.7904876869952661,0.12872340217659087,0.08078891082814314
ACH-000672,0.15463046258427737,0.5057153251257133,0.3396542122900093
ACH-001674,0.7567391394584986,0.12565052092518114,0.11761033961632021
ACH-000940,0.21633968647205248,0.18401046267364052,0.599649850854307
ACH-000757,0.13057875340958205,0.4502284865624549,0.41919276002796313
ACH-000857,0.2168821767740389,0.41424751406143734,0.36887030916452385
ACH-000371,0.6249548022592663,0.26517708723410066,0.1098681105066331
ACH-000506,0.8363972773821613,0.09442341588899054,0.06917930672884813
ACH-000893,0.11035437307480143,0.31755893872911595,0.5720866881960825
ACH-000348,0.14715746271059066,0.5084703279130426,0.3443722093763668
ACH-000238,0.3009687475143478,0.4678062248491569,0.2312250276364953
ACH-000722,0.19846642431506714,0.5262150973850911,0.27531847829984174
ACH-000567,0.6750104304287038,0.18866850742609004,0.13632106214520617
ACH-000155,0.11084274459873951,0.368167382780194,0.5209898726210666
ACH-000568,0.2025282447684341,0.3103304911893168,0.48714126404224906
ACH-000254,0.19197796675359152,0.553906481236645,0.25411555200976343
ACH-000107,0.27268063705309986,0.41143934952030425,0.3158800134265959
ACH-000832,0.20886517688210174,0.5015938062318064,0.2895410168860918
ACH-000429,0.29195620277315326,0.2749907578011547,0.43305303942569207
ACH-000008,0.11343655807239855,0.3649031790986977,0.5216602628289038
ACH-000411,0.12495622798994852,0.4370899416047974,0.4379538304052541
ACH-001328,0.21858122256602527,0.5117158691276152,0.2697029083063595
ACH-000802,0.4912292034850819,0.29139563159929943,0.21737516491561854
ACH-000856,0.2599501803586246,0.1660489540987088,0.5740008655426667
ACH-001642,0.32419011680970966,0.46883825005620805,0.2069716331340823
ACH-000062,0.15499281157850026,0.3047870106778289,0.5402201777436709
ACH-000269,0.20894566096798442,0.33352261591284793,0.4575317231191676
ACH-000157,0.4857305527168676,0.3852405279530632,0.12902891933006916
ACH-000697,0.6194785955938157,0.21800145732597623,0.16251994708020812
ACH-000257,0.7785865355446043,0.12542078151256622,0.09599268294282959
ACH-001338,0.7665573055596652,0.11380318594124668,0.11963950849908808
ACH-000464,0.1122709034602096,0.25560287873874477,0.6321262178010456
ACH-000113,0.7949848335930727,0.12101897129559258,0.0839961951113348
ACH-000920,0.8446825215672685,0.08667471233163222,0.06864276610109919
ACH-000308,0.18634879430469115,0.3183747091912763,0.4952764965040326
ACH-000252,0.35753224562314173,0.4330304145952817,0.20943733978157653
ACH-000956,0.33285447772644106,0.24890756927098454,0.4182379530025743
ACH-001307,0.1071412181448263,0.40542878495987245,0.4874299968953013
ACH-000456,0.18255153981241376,0.5733234368837286,0.24412502330385763
ACH-000902,0.5051517332808547,0.24697428081049336,0.24787398590865187
ACH-000267,0.6914703137048485,0.1462380131230112,0.16229167317214033
ACH-001350,0.21303568604381187,0.5446914684010126,0.24227284555517553
ACH-000293,0.18474125159930188,0.45751034699631943,0.35774840140437875
ACH-000345,0.7923826279840013,0.11158128512312182,0.096036086892877
ACH-000183,0.4471814457093342,0.37278634578829833,0.18003220850236748
ACH-000876,0.30237317552848014,0.3817882922912118,0.3158385321803081
ACH-000587,0.18107682932885402,0.389514690288903,0.4294084803822429
ACH-000772,0.5407905571355875,0.19858546019559772,0.2606239826688148
ACH-000621,0.13910680083835916,0.2656133331117439,0.595279866049897
ACH-000356,0.21786733250253437,0.34135998617790064,0.440772681319565
ACH-000789,0.7354328175045245,0.16197316911295595,0.10259401338251958
ACH-000139,0.1763711263140408,0.5490191475335813,0.27460972615237794
ACH-000417,0.2327778597498569,0.3666409229992953,0.4005812172508477
ACH-000965,0.29848028626831036,0.4203897469963927,0.2811299667352969
ACH-000694,0.31910611890421137,0.43284748932284994,0.24804639177293855
ACH-000488,0.15302523071978466,0.552365809041345,0.29460896023887034
ACH-000605,0.2554011368551496,0.3922087431077745,0.3523901200370761
ACH-000927,0.3325854412924918,0.3151416266884227,0.3522729320190855
ACH-000116,0.5003128053900401,0.30545031262433164,0.1942368819856283
ACH-000596,0.20681907942648778,0.38977836508891706,0.4034025554845951
ACH-000783,0.2557887533184794,0.3779462067980307,0.36626503988348996
ACH-000818,0.24498721838317541,0.3188653258206495,0.4361474557961751
ACH-000804,0.5163055181951025,0.25725154093390395,0.2264429408709936
ACH-000995,0.814249628152076,0.11445206007707795,0.07129831177084604
ACH-000957,0.28471651118052804,0.25555120231107037,0.4597322865084017
ACH-000794,0.3926811272280308,0.3896575156754756,0.21766135709649356
ACH-001332,0.2313900415230953,0.36958264942810504,0.3990273090487997
ACH-000963,0.25171746092998537,0.4214832725601637,0.32679926650985086
ACH-000812,0.12477703136407836,0.41886667632766394,0.4563562923082578
ACH-000906,0.13429463812512366,0.3120107119705568,0.5536946499043196
ACH-000574,0.19235985149197643,0.22809521487645215,0.5795449336315714
ACH-000843,0.1802746039713924,0.4354061791915306,0.384319216837077
ACH-000878,0.2373264415585268,0.28795545822327323,0.4747181002182
ACH-000840,0.14612270150511952,0.5426169327822978,0.31126036571258275
ACH-000667,0.12888752128009218,0.35290134901833037,0.5182111297015775
ACH-000012,0.14747152960548213,0.38104186121959405,0.4714866091749237
ACH-000625,0.34976106551810093,0.36373396600687424,0.28650496847502477
ACH-000067,0.11833913147142981,0.5268265677062167,0.3548343008223535
ACH-000616,0.1411386027486304,0.37017558349799573,0.48868581375337383
ACH-000650,0.14173605234365316,0.25088584076862464,0.6073781068877223
ACH-001528,0.10944081869031468,0.26967678883188345,0.6208823924778019
ACH-000919,0.2755501105105652,0.4475990106814399,0.27685087880799486
ACH-000577,0.1582417292973929,0.5080933284146736,0.3336649422879336
ACH-000476,0.10671383883267577,0.3131283928228973,0.5801577683444269
ACH-000848,0.3273729536131222,0.22546092366070275,0.447166122726175
ACH-000607,0.26260963775856444,0.35125532507080315,0.3861350371706324
ACH-000819,0.23130849062604122,0.38407316879829034,0.3846183405756685
ACH-000573,0.12803721939678564,0.3484716918647186,0.5234910887384957
ACH-000935,0.2383088218552579,0.35966008746376854,0.40203109068097365
ACH-001360,0.18333136468850642,0.5295631004730016,0.28710553483849194
ACH-000559,0.8260915352189705,0.08867884995777489,0.08522961482325447
ACH-000894,0.29781461874143517,0.4339367674610667,0.26824861379749815
ACH-000434,0.18007074570539383,0.27333163566230895,0.5465976186322972
ACH-000414,0.2687852766918085,0.34308771544242483,0.38812700786576665
ACH-000752,0.12297572680393128,0.5001399656259556,0.37688430757011304
ACH-000781,0.11577283631863453,0.2560591846895254,0.6281679789918401
ACH-000639,0.7744602194421818,0.12797507661528196,0.09756470394253618
ACH-000337,0.1862242415612141,0.28221716472445774,0.5315585937143281
ACH-000378,0.20361914630483063,0.47852700561219114,0.3178538480829782
ACH-000292,0.22576565148572858,0.3774576850054675,0.3967766635088039
ACH-001626,0.13910811362153516,0.4651672555020257,0.39572463087643917
ACH-000291,0.3771013412556393,0.322616771419941,0.30028188732441957
ACH-000443,0.21127244209866058,0.4046755746322077,0.38405198326913165
ACH-000023,0.13599163373517148,0.4511030707470671,0.41290529551776145
ACH-000144,0.3402530915259912,0.4466658918778,0.2130810165962089
ACH-000100,0.5827566289154983,0.2035454841034818,0.21369788698101988
ACH-001650,0.17570079312812176,0.3024623315502636,0.5218368753216147
ACH-001655,0.14753009113383922,0.3058843520368536,0.5465855568293071
ACH-000221,0.23437057224846544,0.40669731884439025,0.35893210890714433
ACH-000114,0.22010839171637203,0.5625012703220422,0.21739033796158566
ACH-000652,0.15919334910619537,0.2791037053498864,0.5617029455439183
ACH-001398,0.16043553093457283,0.46170214321810477,0.37786232584732243
ACH-000885,0.1713567690637912,0.2434728183649233,0.5851704125712854
ACH-000716,0.12958439498409854,0.2395392843519198,0.6308763206639817
ACH-000484,0.1644926485864716,0.5264097104825699,0.3090976409309583
ACH-000059,0.8194567397903305,0.0943369413392861,0.08620631887038337
ACH-001443,0.23819040778577535,0.27962336206721616,0.4821862301470084
ACH-000516,0.17310710912288016,0.32200956892751176,0.504883321949608
ACH-000249,0.19559973609858006,0.5455868175794675,0.2588134463219526
ACH-000243,0.17208451500221553,0.5951591199640854,0.23275636503369898
ACH-000117,0.19184594214155545,0.49517154330532426,0.3129825145531204
ACH-000633,0.23613282511726072,0.43696094685846854,0.32690622802427066
ACH-000352,0.22862120581980136,0.47866355060486265,0.29271524357533607
ACH-000562,0.1882720143464504,0.5453553831860739,0.26637260246747557
ACH-000105,0.819956345428383,0.09488562146911626,0.08515803310250063
ACH-000838,0.48381113402279013,0.3762976046577452,0.1398912613194646
ACH-000981,0.8153508835290528,0.10635264663049807,0.07829646984044919
ACH-000821,0.6911446745210488,0.20041605943157256,0.10843926604737865
ACH-001498,0.5279147063520593,0.3292246710177397,0.14286062263020097
ACH-001086,0.08647952800933036,0.2875197029196504,0.6260007690710192
ACH-000270,0.21043370921892568,0.5146726223388078,0.27489366844226637
ACH-000178,0.11378857787024929,0.5933495913970862,0.2928618307326646
ACH-000814,0.10480666705504814,0.4550859471433328,0.4401073858016191
ACH-000684,0.10848708902337227,0.2620378244468067,0.6294750865298211
ACH-000250,0.1430068888181579,0.3611493546382529,0.49584375654358925
ACH-001542,0.35638136965306255,0.3633331529270739,0.2802854774198635
ACH-000281,0.17852814666401767,0.6085501122449306,0.21292174109105175
ACH-000108,0.1337790026234789,0.3038653246702973,0.5623556727062239
ACH-000176,0.1317139928767263,0.48570252723979074,0.38258347988348285
ACH-000852,0.34821420329160957,0.43027236278307546,0.22151343392531503
ACH-000379,0.24561768343834584,0.37270944327129285,0.38167287329036126
ACH-000929,0.23446879249218888,0.49774098824860674,0.2677902192592044
ACH-000924,0.1216221647757153,0.3065676865328305,0.5718101486914542
ACH-000186,0.17912895848294003,0.4151120537359291,0.4057589877811309
ACH-000674,0.2820688609761855,0.4428911414298708,0.27503999759394365
ACH-000247,0.44250161645998776,0.2528447078319038,0.3046536757081085
ACH-001625,0.1450079565365915,0.4852640515172413,0.3697279919461673
ACH-000663,0.14645107041340918,0.27799358918812106,0.5755553403984697
ACH-000042,0.2067553969986589,0.4345488885773006,0.3586957144240406
ACH-000235,0.20167278266061217,0.4776139016461526,0.3207133156932353
ACH-000347,0.4915870677307572,0.1901806448584484,0.31823228741079435
ACH-000482,0.19434499423968127,0.5222590472564711,0.28339595850384763
ACH-000442,0.09339214039828599,0.5114834857734931,0.3951243738282208
ACH-001641,0.17541696022023867,0.36008568013558584,0.4644973596441756
ACH-000890,0.12309931341791287,0.2106162114303348,0.6662844751517523
ACH-000561,0.4502631525377214,0.2992304366890783,0.25050641077320024
ACH-000048,0.21674581531654494,0.21960750980191182,0.5636466748815433
ACH-000827,0.08440028699594294,0.5638589572034842,0.3517407558005728
ACH-000162,0.5325098570651255,0.2791327305659999,0.18835741236887454
ACH-000073,0.7634357600575763,0.14216253337424586,0.09440170656817776
ACH-000349,0.4600881289229693,0.2624623891755601,0.2774494819014705
ACH-000515,0.8424723700142758,0.08336264343061722,0.07416498655510713
ACH-000294,0.6930513443339564,0.17173496811138264,0.13521368755466093
ACH-000357,0.7709809788468177,0.14041925520500678,0.08859976594817565
ACH-000653,0.74573599766094,0.15643216635358928,0.09783183598547071
ACH-000151,0.7082049997306544,0.177726288703381,0.11406871156596447
ACH-000193,0.686847684550215,0.20663684497778784,0.10651547047199701
ACH-000983,0.7501938803325595,0.14700347630310995,0.10280264336433062
ACH-001106,0.757530170241141,0.14839755194313942,0.09407227781571968
ACH-000702,0.6199020884932176,0.21487511226965889,0.1652227992371234
ACH-000439,0.810664402444585,0.10909706607084609,0.08023853148456869
ACH-000362,0.7822442322758266,0.13502724704659833,0.08272852067757504
ACH-000369,0.8113805538760726,0.11274185419747466,0.07587759192645278
ACH-000745,0.5206939003182511,0.3459077745968159,0.13339832508493304
ACH-000129,0.5402230642235453,0.1978352554384645,0.26194168033799026
ACH-000586,0.7918306724245854,0.1112039617104536,0.09696536586496106
ACH-000287,0.5799022638922485,0.28218146697624635,0.13791626913150515
ACH-000124,0.8165162898198807,0.10315133405797858,0.08033237612214073
ACH-000751,0.7697997880155769,0.1398310283877764,0.09036918359664674
ACH-000922,0.8068108606974795,0.11063156670684379,0.0825575725956766
ACH-001638,0.6635351711622923,0.2064010129179628,0.13006381591974486
ACH-000271,0.5822025374526753,0.3009088340720125,0.11688862847531234
ACH-000365,0.7211747914456073,0.17073249570267454,0.10809271285171829
ACH-000611,0.6942901512895681,0.18190967487940124,0.12380017383103063
ACH-000656,0.6981711830547331,0.19231565090173716,0.10951316604352963
ACH-000226,0.5970122909712801,0.22646787812557523,0.1765198309031447
ACH-000534,0.7066281388758451,0.21562134403934455,0.07775051708481046
ACH-000132,0.22876983146476207,0.48285632150819957,0.2883738470270383
ACH-000584,0.35991817089979417,0.41459558170265004,0.22548624739755582
ACH-000688,0.09855158081938793,0.5024003911297322,0.3990480280508798
ACH-001373,0.14444864026259233,0.27308550729730435,0.5824658524401033
ACH-000091,0.21286803698250814,0.4675802372807642,0.3195517257367275
ACH-000947,0.18747265423252887,0.25868981527841095,0.5538375304890601
ACH-001418,0.20763479171565385,0.5523649627138768,0.2400002455704694
ACH-001500,0.12114922621783082,0.30932598933713223,0.569524784445037
ACH-001368,0.1650982953477329,0.16052848344139647,0.6743732212108706
ACH-001653,0.35368283894600033,0.3947327955185958,0.25158436553540386
ACH-001654,0.13026572776751222,0.28875659057712694,0.5809776816553608
ACH-001496,0.3020319051312498,0.49360389791566983,0.20436419695308036
ACH-001497,0.19405593933874685,0.39203688069848086,0.4139071799627724
ACH-000917,0.2372191953030339,0.3145817389540511,0.448199065742915
