,0,1,2
ACH-001711,0.5468448339806884,0.2572400156278484,0.19591515039146315
ACH-000052,0.5448981895321476,0.2925483216517442,0.1625534888161081
ACH-000087,0.6266727929501331,0.2812377271282721,0.09208947992159479
ACH-000644,0.10936291344837328,0.21834677209764955,0.672290314453977
ACH-000905,0.19246157544110692,0.4254211254969983,0.38211729906189484
ACH-000242,0.303603787118425,0.3164115309889755,0.3799846818925995
ACH-000720,0.12839906150301975,0.42969336909687217,0.44190756940010806
ACH-001333,0.3750218272566046,0.5030436197872815,0.12193455295611391
ACH-000323,0.11481935910211834,0.2547332745017714,0.6304473663961102
ACH-000137,0.175454733726771,0.49657757928802443,0.3279676869852046
ACH-000558,0.08478104374028402,0.23421179329320238,0.6810071629665136
ACH-000738,0.17835844566327075,0.4424453814981874,0.3791961728385419
ACH-000571,0.09720122298655454,0.20778188518870597,0.6950168918247395
ACH-000040,0.09117361755986268,0.21944304141709045,0.6893833410230469
ACH-000570,0.11709820343440741,0.21119571072485144,0.6717060858407411
ACH-000867,0.36653273789458257,0.3469461166063282,0.2865211454990893
ACH-000392,0.17570348218561363,0.29069486965467206,0.5336016481597143
ACH-000662,0.23127426432133527,0.5399810842690095,0.22874465140965522
ACH-000769,0.4123581383588104,0.4114156580959152,0.17622620354527438
ACH-000589,0.3749069736852735,0.3336667105894076,0.29142631572531896
ACH-000744,0.3852449132691058,0.32169752637720794,0.29305756035368624
ACH-000766,0.16284908255467292,0.508790347309912,0.328360570135415
ACH-000035,0.13701257837522401,0.39200993058178885,0.47097749104298714
ACH-000733,0.19716353310343224,0.41842098052610704,0.38441548637046075
ACH-000451,0.1699438762396304,0.34748614578086656,0.4825699779795031
ACH-000481,0.5040511104842117,0.2595908925327865,0.2363579969830018
ACH-000447,0.28967777036430864,0.317309442911118,0.39301278672457335
ACH-000951,0.2741309068069677,0.44459344068841633,0.2812756525046159
ACH-000875,0.18343558081931027,0.28833029844265645,0.5282341207380332
ACH-000121,0.12194953072873067,0.3679773928354281,0.5100730764358412
ACH-000853,0.1787926889773798,0.4167894690641468,0.40441784195847336
ACH-000187,0.6160509005099433,0.2666071024979317,0.11734199699212505
ACH-000530,0.32105373075341737,0.5208727553930139,0.15807351385356866
ACH-000749,0.5017738289263666,0.3952695343511756,0.1029566367224579
ACH-000866,0.2832242116327534,0.35042881869474646,0.3663469696725002
ACH-000514,0.4340585157448269,0.4221631017125609,0.14377838254261235
ACH-000431,0.4637086993866321,0.41118125577366726,0.12511004483970065
ACH-000729,0.5353259887852166,0.3336163092723878,0.13105770194239555
ACH-000298,0.34971319983360943,0.39675135708848247,0.25353544307790815
ACH-000290,0.3039237681628312,0.5241381262393959,0.17193810559777292
ACH-000525,0.5346179461744633,0.3635686945902874,0.10181335923524922
ACH-000610,0.3601417116460394,0.4919546647904717,0.14790362356348893
ACH-000800,0.4524638864788821,0.3963085847562826,0.1512275287648352
ACH-000767,0.41096145601076656,0.44003725824454376,0.14900128574468965
ACH-000358,0.42230848883783856,0.41637193687250457,0.1613195742896569
ACH-000355,0.6988850656750674,0.22909813282887453,0.07201680149605805
ACH-000153,0.1050536697508903,0.43981241542231186,0.4551339148267978
ACH-000670,0.3919934104720251,0.44145511596630105,0.1665514735616739
ACH-001549,0.5600081867540418,0.2952161597322323,0.14477565351372584
ACH-000149,0.2985317545300039,0.39667072796764774,0.3047975175023484
ACH-000521,0.18720364772629794,0.4656754617126045,0.3471208905610975
ACH-000311,0.48174708702668223,0.30576801070074655,0.21248490227257122
ACH-000675,0.28677550958554293,0.3384987878694299,0.3747257025450272
ACH-000945,0.16998622824711027,0.408338010322157,0.4216757614307327
ACH-000018,0.13322781637928574,0.3284840085862345,0.5382881750344797
ACH-000050,0.7345057094793294,0.1728111288671164,0.09268316165355424
ACH-000260,0.3256429222573231,0.44196494306231804,0.23239213468035874
ACH-000510,0.2771399608844325,0.3852361173988242,0.33762392171674327
ACH-000841,0.2478585309986661,0.4703997231313269,0.2817417458700069
ACH-000522,0.17726721316560204,0.36942379285707994,0.45330899397731805
ACH-001402,0.17265842598308948,0.30472319128836195,0.5226183827285485
ACH-000775,0.4414034480562479,0.22057535403700285,0.3380211979067493
ACH-000264,0.2636769290703439,0.37463375072191507,0.36168932020774097
ACH-000438,0.45706457267617145,0.2701991812411738,0.2727362460826547
ACH-000666,0.3167605831609332,0.34682133053578024,0.3364180863032865
ACH-000496,0.3643260729175209,0.27054246033616886,0.36513146674631014
ACH-000094,0.2098591020018331,0.43890124879020687,0.35123964920795997
ACH-000601,0.21685593430131597,0.4846165228602795,0.29852754283840455
ACH-000790,0.42937183117265754,0.4445628277937622,0.12606534103358027
ACH-000886,0.33461865989698936,0.2875037990882572,0.37787754101475346
ACH-000718,0.19338824295885915,0.34031026426785,0.4663014927732909
ACH-000677,0.17032304394153783,0.32200528630703423,0.507671669751428
ACH-000408,0.13886990187602075,0.38568782061681767,0.4754422775071615
ACH-000859,0.20474450700515506,0.46070406057895624,0.33455143241588875
ACH-000374,0.21274277468172487,0.4118018447033546,0.3754553806149205
ACH-000111,0.3792259145056626,0.31757316534825863,0.3032009201460787
ACH-000699,0.17764930577637303,0.3950933836762526,0.4272573105473744
ACH-000223,0.14345514576268242,0.3986664807407181,0.45787837349659943
ACH-000691,0.2430008123527753,0.4060486707228868,0.3509505169243379
ACH-000755,0.2810169554086108,0.32839979256002655,0.3905832520313626
ACH-000276,0.13190820280077498,0.3354408302563967,0.5326509669428283
ACH-000548,0.13457842342423376,0.4706926681875832,0.394728908388183
ACH-000210,0.4760239192883653,0.37340204875685223,0.1505740319547825
ACH-000826,0.19368865295679125,0.5522680164803314,0.2540433305628775
ACH-000518,0.156895998451829,0.4943462572760432,0.34875774427212775
ACH-000703,0.3858960212079112,0.38480861044982156,0.22929536834226727
ACH-000563,0.19928268223993617,0.3342946126697383,0.4664227050903255
ACH-000305,0.17494024262489322,0.539836292761431,0.28522346461367576
ACH-000585,0.11620330888990404,0.5341782965622589,0.34961839454783716
ACH-000472,0.1591917288600345,0.45901731630098913,0.38179095483897635
ACH-000396,0.11871170183900465,0.2651314513435793,0.6161568468174161
ACH-000858,0.21616434802447013,0.3567754714501513,0.42706018052537853
ACH-000265,0.18550452557784725,0.37296889766598,0.44152657675617274
ACH-000823,0.2685689419457507,0.39113472003769406,0.3402963380165552
ACH-000809,0.17932980647806301,0.30441494381720013,0.5162552497047369
ACH-000637,0.21097855415849992,0.4461802371583627,0.34284120868313744
ACH-000784,0.19720649629818318,0.32555326910571875,0.4772402345960982
ACH-000627,0.11434068292534033,0.4895571403517369,0.39610217672292264
ACH-000787,0.18114291838801524,0.46410549173933185,0.35475158987265293
ACH-000892,0.13093547005309827,0.3650185897367572,0.5040459402101445
ACH-001075,0.2227898279851427,0.394575426910011,0.38263474510484624
ACH-000871,0.34800847326693407,0.459119861136338,0.19287166559672783
ACH-000030,0.18608698746506153,0.4530952682104504,0.36081774432448804
ACH-000363,0.7561564213562673,0.16552802060538152,0.07831555803835138
ACH-000353,0.191216707733368,0.5148338486885817,0.29394944357805025
ACH-000626,0.5776059696206891,0.3218656125592471,0.10052841782006373
ACH-000259,0.6347357645752891,0.26187175976270977,0.1033924756620011
ACH-000647,0.2013260810727912,0.4937237150193422,0.3049502039078666
ACH-000318,0.17789337947617612,0.4992989894465254,0.32280763107729843
ACH-000452,0.14215902595365418,0.4380882464555917,0.41975272759075416
ACH-000354,0.23881790030743288,0.3635129481167351,0.397669151575832
ACH-000001,0.16359802754946617,0.5153729574023899,0.32102901504814396
ACH-000090,0.12560922737819105,0.2565916570206471,0.6177991156011619
ACH-000971,0.3301299815807381,0.40299974385076437,0.2668702745684975
ACH-000997,0.44834771718499583,0.33103784428688154,0.22061443852812265
ACH-000002,0.765411376938797,0.15546576043257274,0.07912286262863027
ACH-000552,0.4890257481197402,0.271652622201768,0.239321629678492
ACH-000551,0.5704504594264318,0.27065553795224234,0.15889400262132578
ACH-000367,0.175033485776673,0.4365482721844069,0.38841824203892017
ACH-000900,0.27915765801399356,0.507930885101379,0.21291145688462754
ACH-000463,0.4485192546249181,0.3108193327560918,0.24066141261899013
ACH-000343,0.28121878917203197,0.5572966102321009,0.16148460059586717
ACH-000019,0.40179557707304786,0.26977138620534796,0.3284330367216042
ACH-000649,0.1770214347147682,0.347545321606733,0.4754332436784988
ACH-000555,0.11919861223821933,0.36697381166728416,0.5138275760944965
ACH-000681,0.31636138722943086,0.34768874093387314,0.335949871836696
ACH-000046,0.167552731055322,0.4342126340096048,0.3982346349350732
ACH-000288,0.15021473405582753,0.2605847189895595,0.589200546954613
ACH-000615,0.11109164864736312,0.22402218134708862,0.6648861700055483
ACH-001190,0.17703834959060147,0.3033874218796347,0.5195742285297639
ACH-000730,0.14747133425204528,0.2486667370549526,0.6038619286930021
ACH-000148,0.09058526128467072,0.20741664630543583,0.7019980924098935
ACH-000811,0.11020668005556516,0.32147986346248925,0.5683134564819456
ACH-000768,0.1440452634631775,0.25499167659842376,0.6009630599383986
ACH-000651,0.37178961653158815,0.39417217755056416,0.23403820591784763
ACH-000433,0.126225494390072,0.26230846637820565,0.6114660392317223
ACH-000817,0.7423064995888778,0.1528404014556958,0.10485309895542626
ACH-000338,0.5886526214851091,0.2527591497300655,0.15858822878482548
ACH-000966,0.22796640091738343,0.34562648247539635,0.4264071166072203
ACH-001151,0.13581053937465187,0.4105440309287992,0.453645429696549
ACH-000706,0.1746513482089272,0.3110615357039959,0.5142871160870768
ACH-000861,0.12426001623566377,0.31438104249587945,0.5613589412684568
ACH-000825,0.1447005680652269,0.27750208502411167,0.5777973469106614
ACH-000750,0.1817806446383225,0.5063689310019887,0.31185042435968885
ACH-000425,0.13977747709252636,0.2867638448915266,0.5734586780159471
ACH-000579,0.17680528935671433,0.22971179749241735,0.5934829131508683
ACH-000428,0.10362792453006889,0.331285204587565,0.5650868708823661
ACH-000504,0.07596102191491465,0.18394921074932422,0.740089767335761
ACH-000232,0.1146420901293104,0.18690258020751965,0.6984553296631699
ACH-000273,0.08816158334812212,0.22962329256074462,0.6822151240911334
ACH-000376,0.10217389661694362,0.19838291146191114,0.6994431919211452
ACH-000655,0.13481892319664704,0.24692226113121696,0.6182588156721359
ACH-000969,0.32080732548291985,0.32972947241331435,0.34946320210376586
ACH-000617,0.1232997243794992,0.4535355781359001,0.42316469748460067
ACH-000696,0.161377541682861,0.4725695489803025,0.3660529093368365
ACH-000535,0.24403909423284062,0.4689294839837794,0.28703142178337987
ACH-001016,0.15122860087311182,0.21790043552126429,0.6308709636056239
ACH-000880,0.24669612316783193,0.36124120557775063,0.3920626712544174
ACH-000528,0.26478316388998574,0.42055198450549225,0.31466485160452207
ACH-000788,0.19966945029560662,0.37168349122708383,0.42864705847730955
ACH-000219,0.3316594169594903,0.3137526827435446,0.3545879002969651
ACH-000740,0.20620291043406896,0.4142209691089539,0.37957612045697725
ACH-001306,0.10592653082896751,0.3377640376009272,0.5563094315701053
ACH-000896,0.18578450042963027,0.45484777779995994,0.35936772177040965
ACH-000070,0.7483326406497705,0.17912311366890568,0.07254424568132396
ACH-000536,0.18698714275074604,0.4905182160361715,0.3224946412130825
ACH-000657,0.48708812999625767,0.4079460405535522,0.10496582945019019
ACH-000161,0.2002767734741877,0.44198713839974757,0.35773608812606467
ACH-000508,0.43861051252739747,0.43078442138766854,0.13060506608493397
ACH-000401,0.09867891824666743,0.19718099126112676,0.7041400904922058
ACH-000717,0.16023850665448874,0.3970557584780326,0.44270573486747866
ACH-000805,0.21441915083849572,0.26697480235320636,0.518606046808298
ACH-000120,0.5042363942032924,0.27748467391118975,0.21827893188551797
ACH-000138,0.11509971989905272,0.34090062564657136,0.543999654454376
ACH-001336,0.13708714558020865,0.35221761777200944,0.5106952366477819
ACH-000713,0.1259371970993991,0.45503620996400707,0.41902659293659394
ACH-000212,0.11957889783223705,0.28161073728456326,0.5988103648831997
ACH-001715,0.18014839333991273,0.268177486828766,0.5516741198313213
ACH-000174,0.19595763098455507,0.42505478513165196,0.378987583883793
ACH-000786,0.6252232789118454,0.2889215411036211,0.08585517998453358
ACH-000334,0.6030830386194812,0.308327768419322,0.08858919296119677
ACH-000211,0.2104913380546969,0.45509583224479716,0.33441282970050584
ACH-000055,0.6993148599433618,0.22291016677021894,0.07777497328641911
ACH-000863,0.09468470720223907,0.20449329480702588,0.7008219979907351
ACH-000233,0.47174934507680666,0.3261362109494231,0.20211444397377032
ACH-000207,0.15839581338531195,0.5548987152259914,0.28670547138869673
ACH-000244,0.1300818129878735,0.1902317039592097,0.6796864830529168
ACH-000056,0.7258490887508747,0.2038811296886704,0.07026978156045478
ACH-000258,0.42265516768466216,0.32838587025907584,0.24895896205626203
ACH-000560,0.49654229951924334,0.3239626204168376,0.179495080063919
ACH-000225,0.5259450732867725,0.33078696320823303,0.14326796350499446
ACH-000330,0.27555383535921213,0.28483951596136486,0.43960664867942295
ACH-000936,0.10913823154020626,0.3355847658176262,0.5552770026421675
ACH-000295,0.705167327650931,0.2090792080969612,0.08575346425210761
ACH-000198,0.7677144379125121,0.16260084107790593,0.06968472100958194
ACH-000572,0.24728314554835706,0.36333854402692456,0.3893783104247183
ACH-000098,0.08339367033292629,0.2468406428815178,0.6697656867855559
ACH-000081,0.6801715282989668,0.20759301603766894,0.11223545566336429
ACH-000756,0.18945747563205215,0.4276545231251067,0.38288800124284117
ACH-001344,0.23120459222949113,0.3494045973810213,0.4193908103894876
ACH-001716,0.5718637518907836,0.32466517353257096,0.10347107457664548
ACH-000835,0.13096539688158584,0.45692243525219384,0.4121121678662202
ACH-000913,0.12406498991631403,0.4142070528851283,0.46172795719855764
ACH-000389,0.13097866770400637,0.29421852308364016,0.5748028092123534
ACH-000277,0.22510631595338307,0.33391005334181156,0.44098363070480545
ACH-000930,0.19078754389169839,0.2748891803018048,0.5343232758064969
ACH-000624,0.1639158870678092,0.5032707545932031,0.3328133583389876
ACH-000668,0.24219625535782258,0.34481688217064266,0.4129868624715348
ACH-001517,0.260026080807994,0.25088906065839517,0.4890848585336109
ACH-000004,0.7232176951637704,0.19104998118516783,0.08573232365106173
ACH-000847,0.45435693655208836,0.4186271229019211,0.12701594054599052
ACH-000061,0.6297086234912386,0.29196573680949117,0.07832563969927021
ACH-000778,0.15963566357069517,0.5213938166883528,0.3189705197409521
ACH-000546,0.1670844315446755,0.4535864833785769,0.37932908507674745
ACH-000914,0.5777343044880682,0.33582496677024093,0.0864407287416908
ACH-000054,0.17994640641997395,0.3479586047107737,0.47209498886925244
ACH-000724,0.22028246785818337,0.49292823084393605,0.2867893012978805
ACH-000322,0.11526124433945364,0.25027261681671,0.6344661388438364
ACH-001525,0.1810074343199156,0.5149325236651903,0.30406004201489406
ACH-000480,0.42387854239385614,0.25283083404972806,0.3232906235564158
ACH-000538,0.3852405045614898,0.4512830982950169,0.1634763971434932
ACH-000882,0.170711874849965,0.23479419067846585,0.5944939344715692
ACH-000915,0.2003664810155012,0.2365043330052367,0.5631291859792621
ACH-000106,0.6410368003731375,0.22301218087087327,0.13595101875598922
ACH-000346,0.7077056837216403,0.1902682224767587,0.10202609380160099
ACH-000231,0.10169661674979076,0.23957212763533078,0.6587312556148784
ACH-000053,0.5026871369445262,0.3155135101452588,0.18179935291021498
ACH-000315,0.5741622626873537,0.30946547958372356,0.11637225772892276
ACH-000263,0.7393358560535561,0.1758988587818481,0.08476528516459575
ACH-000793,0.3221610636542599,0.32617783934149397,0.3516610970042462
ACH-000101,0.7162776608914646,0.19697125713784525,0.08675108197069027
ACH-000386,0.7112641999436907,0.17955613852830943,0.10917966152799988
ACH-000380,0.7589269678499206,0.16628174578544386,0.07479128636463565
ACH-000622,0.20409051279888865,0.29989125630168484,0.4960182308994266
ACH-000213,0.19730198877604951,0.32528699611944545,0.477411015104505
ACH-000926,0.5113808810393036,0.239143250254524,0.2494758687061724
ACH-000986,0.49766686175125974,0.2886981933085442,0.2136349449401961
ACH-001519,0.416641090962188,0.35235235237838025,0.23100655665943176
ACH-001345,0.42277243579463725,0.3231236494204134,0.25410391478494926
ACH-000698,0.41989073485100054,0.26124908407328645,0.31886018107571296
ACH-000375,0.25520786257986683,0.43021912432214426,0.3145730130979889
ACH-000074,0.7393166170001392,0.16388484588544638,0.09679853711441444
ACH-000486,0.14688268865445384,0.48577493764707613,0.3673423736984699
ACH-000631,0.14678767457328423,0.31727877101149093,0.5359335544152248
ACH-000693,0.25288295253798243,0.5260491229153343,0.2210679245466833
ACH-000873,0.17208845553840177,0.41105074709144784,0.41686079737015036
ACH-000865,0.2999634737885621,0.369004189968017,0.33103233624342093
ACH-000824,0.2422936811383261,0.4983166088726929,0.2593897099889809
ACH-000754,0.6179892128529552,0.2666064894572858,0.11540429768975914
ACH-000806,0.6489367403050994,0.2240562598761552,0.12700699981874533
ACH-000104,0.6799140069306261,0.21602255879405785,0.10406343427531617
ACH-000950,0.36377685562250184,0.31945603438165143,0.31676710999584673
ACH-000204,0.6840658199828277,0.1872235088494449,0.12871067116772753
ACH-000501,0.13966855192581984,0.34640625452528834,0.5139251935488918
ACH-000985,0.362630779314107,0.38225473135111043,0.25511448933478253
ACH-000583,0.7371912461428758,0.19992080493158243,0.06288794892554177
ACH-000759,0.17710804120554713,0.27136846225388,0.5515234965405729
ACH-000934,0.20783088857783155,0.3949196910433419,0.3972494203788265
ACH-000910,0.42277668877183255,0.25597674571958706,0.3212465655085804
ACH-000849,0.27172013111343457,0.41084624840781103,0.31743362047875434
ACH-000450,0.210912403197804,0.2643584776812722,0.5247291191209238
ACH-000881,0.14426758245493876,0.2756513819987464,0.5800810355463148
ACH-000072,0.6662837093392221,0.19974213979316466,0.13397415086761336
ACH-000449,0.2961755808335317,0.5106037880257377,0.19322063114073051
ACH-000987,0.16146304242199908,0.2703758051350548,0.5681611524429461
ACH-000879,0.1998385637528683,0.35880114329071805,0.4413602929564136
ACH-000359,0.1667338563625125,0.24604469939444915,0.5872214442430382
ACH-000020,0.7322828902109796,0.19221731206193096,0.07549979772708941
ACH-000156,0.7415149217653095,0.17521978620291773,0.08326529203177273
ACH-000078,0.6155205355461497,0.27038873975518163,0.11409072469866866
ACH-000351,0.14420317465454485,0.48926908163495975,0.3665277437104953
ACH-000918,0.7553476854438719,0.1617085612024006,0.0829437533537276
ACH-000006,0.7428322820693443,0.16958004951233133,0.08758766841832437
ACH-000319,0.1317168397574809,0.4051267666381104,0.4631563936044088
ACH-000938,0.6972616827454229,0.22755522681302465,0.07518309044155244
ACH-000944,0.747364210190453,0.18235554726943476,0.07028024254011217
ACH-000360,0.48388658094008735,0.2688406739171468,0.24727274514276604
ACH-000395,0.39072912656088027,0.35893689496373715,0.2503339784753826
ACH-000932,0.38765723898925347,0.4050961919239276,0.20724656908681896
ACH-000303,0.2607442919331491,0.3947949285212847,0.34446077954556625
ACH-000581,0.6010589152374325,0.2412034049575842,0.15773767980498332
ACH-001603,0.656873706941186,0.24957940028562361,0.09354689277319035
ACH-000200,0.09200655637861496,0.20107798255411702,0.706915461067268
ACH-000168,0.6915139969167512,0.19935426965845454,0.10913173342479432
ACH-001605,0.11339609444216285,0.1775929649252302,0.709010940632607
ACH-000911,0.21058055563834335,0.3547351976550299,0.4346842467066267
ACH-000403,0.26028852909724215,0.35715351042689203,0.38255796047586577
ACH-000491,0.47229931293326216,0.30323747449313826,0.22446321257359955
ACH-000628,0.12112373283785603,0.4876080495721781,0.3912682175899659
ACH-000638,0.2292900626380856,0.35613179766543174,0.4145781396964826
ACH-000427,0.2669281237016428,0.38205960465751254,0.35101227164084464
ACH-000888,0.12573576032782688,0.28196477173791423,0.5922994679342588
ACH-000860,0.39027929156514884,0.3561417575335731,0.25357895090127813
ACH-000980,0.3315731070853828,0.5070551593451107,0.16137173356950651
ACH-000780,0.36414955512623126,0.4883661809318163,0.14748426394195255
ACH-000830,0.3521575388624092,0.5025333691096796,0.1453090920279112
ACH-000015,0.4941902677410418,0.38491093319467584,0.12089879906428244
ACH-000916,0.23956203292538125,0.46435708905754275,0.296080878017076
ACH-000448,0.32466046712169144,0.4222538175159991,0.2530857153623094
ACH-000747,0.23106234207186732,0.5147258069047973,0.25421185102333543
ACH-000282,0.29894726531576543,0.3013755414450087,0.3996771932392258
ACH-000394,0.4374128155549442,0.39093141287423255,0.17165577157082318
ACH-000399,0.2502072234848463,0.3689586940006459,0.38083408251450784
ACH-000816,0.610649745005864,0.2986969845984523,0.09065327039568366
ACH-000776,0.1476415296991768,0.31157539703867565,0.5407830732621476
ACH-000024,0.7492407869796663,0.16323843852793707,0.08752077449239656
ACH-000372,0.7352784321325847,0.19204209924922275,0.07267946861819251
ACH-000770,0.6455220161903941,0.25304808904209414,0.10142989476751188
ACH-001374,0.5050128729304706,0.353968048296174,0.14101907877335537
ACH-000937,0.5553250946208419,0.3369091677087553,0.10776573767040282
ACH-000654,0.7124980668727942,0.21676650470999215,0.07073542841721366
ACH-000565,0.25995674487253584,0.4196886052645337,0.32035464986293044
ACH-000169,0.4257065509731595,0.3180765429500482,0.25621690607679226
ACH-000960,0.7400006642825988,0.19100116883508805,0.06899816688231314
ACH-000943,0.3491435045911042,0.41171321123817867,0.23914328417071723
ACH-000719,0.19064468173483357,0.27990379383917247,0.5294515244259941
ACH-000636,0.732802775151576,0.1842883985878915,0.08290882626053248
ACH-000874,0.7319366634887138,0.1939166485004001,0.0741466880108861
ACH-000473,0.29514359093662723,0.34677279641200975,0.35808361265136307
ACH-000614,0.12571451083283716,0.2010180818806008,0.6732674072865621
ACH-000410,0.27578127340437053,0.31810585208142494,0.4061128745142046
ACH-000609,0.0939848650541393,0.2624371906727757,0.6435779442730849
ACH-000441,0.1254204017501603,0.2126787363196944,0.6619008619301454
ACH-000112,0.774624877166042,0.15396867301209236,0.0714064498218656
ACH-000748,0.1497599251436825,0.28300468057607964,0.5672353942802378
ACH-000361,0.13409733447237177,0.30415346629338913,0.561749199234239
ACH-000373,0.7213883892577873,0.19534371508238532,0.08326789565982733
ACH-000465,0.180590859311186,0.2088656496220998,0.6105434910667141
ACH-000423,0.21645315847846378,0.24168975572180618,0.5418570857997301
ACH-000822,0.08511218373784979,0.17134720982241214,0.7435406064397381
ACH-000810,0.14456902634002922,0.19776994902628237,0.6576610246336884
ACH-000640,0.07694586252697481,0.14768371312135475,0.7753704243516704
ACH-000665,0.11249001067521736,0.3269973241495968,0.5605126651751858
ACH-001193,0.6444092443129928,0.24952087630773653,0.10606987937927066
ACH-000939,0.18921832218581816,0.38532158742633693,0.42546009038784494
ACH-000478,0.1491196153835905,0.2135627738691755,0.637317610747234
ACH-000420,0.1266977921141156,0.29217230709212716,0.5811299007937571
ACH-000664,0.5768871794337813,0.30713594769349384,0.1159768728727248
ACH-000953,0.6356247477796394,0.28166834505724364,0.08270690716311697
ACH-000437,0.10144299183757562,0.17679781461683944,0.7217591935455849
ACH-000489,0.2870795357072903,0.3261524214857172,0.38676804280699256
ACH-000236,0.21284285792298974,0.3541598796940997,0.4329972623829106
ACH-000470,0.49498571209851616,0.26385716175361196,0.24115712614787183
ACH-000566,0.1114522023329292,0.3685667008510793,0.5199810968159915
ACH-000958,0.4198765523208218,0.312151518417947,0.2679719292612312
ACH-001399,0.16149614233158538,0.41290153026843546,0.4256023273999792
ACH-000421,0.18810422578083993,0.49124593709040254,0.32064983712875755
ACH-000680,0.5392886646477303,0.21321916128220342,0.24749217407006632
ACH-001274,0.11262854698882176,0.2464799436452867,0.6408915093658916
ACH-000381,0.3165417435453606,0.28688626461195127,0.39657199184268815
ACH-000197,0.7077776611856775,0.20231240373495896,0.08990993507936362
ACH-000949,0.44188336483084706,0.31223923057679037,0.24587740459236251
ACH-000430,0.2812352132919998,0.3318346639655869,0.3869301227424133
ACH-000364,0.16247918984531487,0.4800796171980268,0.3574411929566584
ACH-000554,0.2501028569169594,0.33084201530113294,0.41905512778190757
ACH-000304,0.10546127657856084,0.18602478941350362,0.7085139340079355
ACH-001709,0.7165055522533592,0.19900048374096255,0.08449396400567827
ACH-000469,0.10986867285533018,0.22393043755732595,0.6662008895873438
ACH-000828,0.20982798475817507,0.2417079930341284,0.5484640222076965
ACH-000189,0.13944735483544635,0.4189340835807628,0.44161856158379087
ACH-000524,0.15725428152608173,0.2960615081901658,0.5466842102837525
ACH-000815,0.5002652120129572,0.3996031185124863,0.10013166947455651
ACH-000679,0.3647820323747479,0.276494750501867,0.3587232171233851
ACH-000416,0.28375683589573353,0.3935578906492378,0.32268527345502873
ACH-000704,0.16212349426033149,0.34113065212234545,0.4967458536173231
ACH-000383,0.18477104876804004,0.36687351037569793,0.4483554408562619
ACH-000998,0.4901105555642892,0.31267580996777267,0.19721363446793805
ACH-000136,0.6163821407192909,0.2837063367478843,0.09991152253282487
ACH-000350,0.21350539175477687,0.3002837030811201,0.4862109051641029
ACH-000864,0.4304860665103587,0.43898862246154396,0.13052531102809725
ACH-000803,0.5130909060451606,0.2702716853311942,0.2166374086236451
ACH-001442,0.17228162163262278,0.38844811600572504,0.4392702623616523
ACH-000792,0.20094065210341175,0.3130409769696774,0.4860183709269108
ACH-000009,0.26370105166173885,0.4128610825764434,0.3234378657618179
ACH-000188,0.1446443471078695,0.4077225457484962,0.4476331071436344
ACH-000222,0.21430775714624498,0.338543936292409,0.44714830656134613
ACH-000440,0.6733136702429079,0.24745046529875922,0.079235864458333
ACH-000248,0.41802547692579134,0.33462677152106673,0.24734775155314195
ACH-000245,0.7423536172193748,0.1834606909340021,0.07418569184662323
ACH-000432,0.7559869463229678,0.16847528352215246,0.07553777015487984
ACH-000672,0.17031135762452967,0.29501938424615487,0.5346692581293154
ACH-001674,0.6430360759846933,0.26476912734941904,0.09219479666588758
ACH-000940,0.2826214554852613,0.49964997691176233,0.21772856760297635
ACH-000757,0.26311989748314873,0.42392306176646605,0.3129570407503851
ACH-000857,0.22141133327450777,0.37754036379816375,0.4010483029273285
ACH-000371,0.606338540528746,0.3149860048082531,0.07867545466300092
ACH-000506,0.43962970775804305,0.4089758483525515,0.15139444388940546
ACH-000893,0.1892769030553779,0.45034624091939385,0.3603768560252283
ACH-000348,0.12016238424381863,0.3698687380998491,0.5099688776563323
ACH-000238,0.16538917889726723,0.4753755442999831,0.35923527680274975
ACH-000722,0.5600662538913931,0.23081359406946572,0.20912015203914117
ACH-000567,0.6704769234589212,0.25473072626420423,0.07479235027687471
ACH-000155,0.16138188102329723,0.3246751465663084,0.5139429724103943
ACH-000568,0.17291577616860446,0.2645822708180926,0.562501953013303
ACH-000254,0.14940183516657624,0.47925935242830103,0.3713388124051226
ACH-000107,0.17506613664236398,0.4644853431967155,0.3604485201609205
ACH-000832,0.1898705719522928,0.45184501057883103,0.3582844174688762
ACH-000429,0.204659714531375,0.41284123531327777,0.3824990501553473
ACH-000008,0.11041689340153664,0.21004855462183053,0.6795345519766328
ACH-000411,0.18782392743688028,0.31877904456651385,0.4933970279966058
ACH-001328,0.20649688922100032,0.3452238653349806,0.4482792454440192
ACH-000802,0.40410172845259523,0.41034559012323546,0.18555268142416942
ACH-000856,0.22343645307532412,0.39684553689702246,0.3797180100276534
ACH-000062,0.15926981385601602,0.3907377975664075,0.44999238857757645
ACH-000269,0.17086640629594188,0.40635443555561995,0.42277915814843814
ACH-000157,0.7457587121094655,0.1704828929905009,0.08375839490003363
ACH-000697,0.7103946856377202,0.18847332996000193,0.10113198440227777
ACH-000257,0.5267057217455776,0.31695884935724283,0.1563354288971796
ACH-001338,0.6542345357821556,0.25827311063211045,0.08749235358573386
ACH-000464,0.08982452491771238,0.1737230559910952,0.7364524190911925
ACH-000113,0.7698018978660164,0.15358406815448464,0.07661403397949888
ACH-000920,0.7125886565000829,0.19966247769565218,0.087748865804265
ACH-000457,0.1221854150271819,0.45549948544675906,0.42231509952605906
ACH-000308,0.20899513043406598,0.43188450018091695,0.35912036938501696
ACH-000252,0.5007554767914025,0.2719436299086424,0.22730089329995518
ACH-000956,0.5072609827903239,0.2786785102869777,0.21406050692269846
ACH-000456,0.15887065150589394,0.4790264696559255,0.3621028788381807
ACH-000902,0.2972572473431042,0.2640644145331972,0.43867833812369866
ACH-000267,0.4814789386205373,0.3118931259919103,0.20662793538755247
ACH-001350,0.1623257711598943,0.3659052825088628,0.471768946331243
ACH-000293,0.15648520937619903,0.5136230464539107,0.3298917441698902
ACH-000345,0.6317648930243844,0.24700647586170574,0.12122863111390982
ACH-000183,0.671718280784914,0.21579352306334215,0.11248819615174374
ACH-000876,0.17195864263636573,0.22259907632116832,0.6054422810424659
ACH-000587,0.2301201223248385,0.33160078212280064,0.43827909555236094
ACH-000772,0.4294526451379786,0.3427813193460011,0.2277660355160204
ACH-000678,0.12650450640172206,0.39262932855035626,0.4808661650479216
ACH-000621,0.16931858644802103,0.43721658780391703,0.39346482574806196
ACH-000356,0.3085154265406795,0.2902828442089389,0.4012017292503815
ACH-000789,0.5214690325535509,0.31435105969670196,0.1641799077497471
ACH-000139,0.15690233828840822,0.3216543909377353,0.5214432707738565
ACH-000417,0.1977537871373224,0.43027431066440003,0.3719719021982775
ACH-000060,0.3054982319465162,0.4265214859427012,0.26798028211078256
ACH-000965,0.1962152781989188,0.46833832479418236,0.3354463970068989
ACH-001384,0.11047455189421375,0.21071413957505591,0.6788113085307302
ACH-000694,0.2436012298220434,0.553574546904499,0.20282422327345745
ACH-000488,0.22445176449591725,0.4258423402934267,0.34970589521065604
ACH-000605,0.22524732535355074,0.4853251171614093,0.2894275574850401
ACH-000927,0.27384293355304135,0.25201579202133595,0.4741412744256226
ACH-000116,0.1835664573157943,0.3606213824344399,0.45581216024976584
ACH-000596,0.3747446857203785,0.368608857335231,0.2566464569443906
ACH-000783,0.23308563198095286,0.25385236109902637,0.5130620069200208
ACH-000818,0.1679143375393236,0.2813787466798463,0.5507069157808301
ACH-000804,0.6077708946555048,0.27101629026039575,0.12121281508409931
ACH-000995,0.5536623948012909,0.3529994035058149,0.09333820169289414
ACH-000794,0.24148203863408113,0.4480094302411942,0.3105085311247247
ACH-001332,0.34023642068081006,0.4130462975312753,0.24671728178791463
ACH-000963,0.596603433476005,0.23594184239739066,0.1674547241266044
ACH-000978,0.2591214954822705,0.3995057509520061,0.34137275356572344
ACH-000574,0.2990414313930041,0.3575866175232774,0.34337195108371843
ACH-000878,0.3184470902647566,0.3057610154154856,0.3757918943197577
ACH-000840,0.19904288796140607,0.3874510100738925,0.4135061019647014
ACH-000667,0.35715073945538445,0.36345288337545045,0.2793963771691651
ACH-000012,0.19596783317325964,0.4263930723150099,0.37763909451173056
ACH-000625,0.41955622632336226,0.2675312194157445,0.3129125542608933
ACH-000616,0.12902410980027257,0.2895210482153981,0.5814548419843293
ACH-000650,0.24181931687058325,0.35388305470961806,0.40429762841979877
ACH-001528,0.3590323773544023,0.3797431426999767,0.261224479945621
ACH-000919,0.4499618920178089,0.34608567034304694,0.20395243763914417
ACH-000577,0.10835191206590133,0.24979301730753933,0.6418550706265592
ACH-000476,0.16777178096093065,0.4055532086152311,0.42667501042383826
ACH-000217,0.12940419547646803,0.27410412639008064,0.5964916781334513
ACH-000848,0.4177751828116211,0.2993077953945434,0.2829170217938354
ACH-000819,0.1643169029397847,0.387194615903479,0.44848848115673623
ACH-000935,0.16329743094891908,0.2427137969681514,0.5939887720829294
ACH-000988,0.15320041488270905,0.3356039454268942,0.5111956396903967
ACH-000058,0.16973622096549684,0.2818352679640996,0.5484285110704036
ACH-001360,0.23743279373944068,0.4594913750395071,0.3030758312210522
ACH-000559,0.3577680603042378,0.4859015600445512,0.15633037965121094
ACH-000894,0.22780965596170544,0.2509470584799039,0.5212432855583906
ACH-000434,0.21602761715058402,0.3361683909940969,0.4478039918553191
ACH-000414,0.30993574090314235,0.42476140655089556,0.26530285254596203
ACH-000752,0.1480136555910122,0.2724756150378866,0.5795107293711013
ACH-000781,0.25462396287735667,0.3655227534566464,0.37985328366599685
ACH-000639,0.5760531671182036,0.3016663563181864,0.12228047656361
ACH-000337,0.2810914581522098,0.3866507308970713,0.3322578109507188
ACH-000378,0.22214038532638203,0.41750853756761364,0.36035107710600434
ACH-000292,0.26182626328992237,0.5390045840490076,0.1991691526610699
ACH-001626,0.13944630331302352,0.35985716934540624,0.5006965273415702
ACH-000291,0.25156445035087016,0.28988371841001725,0.4585518312391126
ACH-000527,0.1628003045962588,0.4559983655719672,0.3812013298317739
ACH-000443,0.15465056873467983,0.3500876101533055,0.49526182111201467
ACH-000023,0.21460372343131912,0.4827202142476198,0.30267606232106115
ACH-000619,0.15262327304682136,0.37962646557266183,0.4677502613805168
ACH-000100,0.5544112115962956,0.29719110772210977,0.14839768068159453
ACH-001655,0.17924533182290447,0.22859728288278916,0.5921573852943064
ACH-000114,0.16545207093209272,0.37497274366673994,0.4595751854011673
ACH-000652,0.23062172910490797,0.28895384251096456,0.4804244283841275
ACH-001398,0.11472023768101904,0.2352315661649993,0.6500481961539817
ACH-000424,0.6582920129141661,0.25416821590797806,0.08753977117785593
ACH-000885,0.14394423599165304,0.3388763293610244,0.5171794346473225
ACH-000716,0.1687427969546416,0.30310761956652965,0.5281495834788288
ACH-000484,0.16852371762621707,0.32763374628535485,0.5038425360884281
ACH-000059,0.7283669051864486,0.1973564492504878,0.07427664556306363
ACH-000336,0.7074653251302531,0.16432748268813185,0.128207192181615
ACH-000516,0.1376891135942465,0.3539532400877863,0.5083576463179672
ACH-000249,0.23622591834198234,0.4374496119466018,0.3263244697114159
ACH-000243,0.19530012877384717,0.4687851938503881,0.33591467737576475
ACH-000117,0.2042067319772704,0.2761162716421987,0.5196769963805309
ACH-000633,0.35994786929856676,0.3444632442670876,0.29558888643434567
ACH-000352,0.19760741754148528,0.3022999613073577,0.500092621151157
ACH-000562,0.22838587472871713,0.32518994513779537,0.44642418013348756
ACH-000105,0.7424733584897392,0.18251701956633773,0.07500962194392301
ACH-000838,0.7765305210912907,0.1527694346993218,0.07070004420938741
ACH-000743,0.436535486672091,0.3319810689834012,0.23148344434450788
ACH-000981,0.6813570202642752,0.22791685635559394,0.0907261233801308
ACH-000821,0.6701227536748979,0.20937460514474257,0.12050264118035955
ACH-001498,0.6293326609717496,0.28206012652012286,0.08860721250812752
ACH-001086,0.31280283778612605,0.3100056310363529,0.37719153117752097
ACH-000270,0.25694985624316397,0.37139457356852157,0.3716555701883146
ACH-000178,0.16288357696639105,0.30464490971724456,0.5324715133163643
ACH-000814,0.10250068924509664,0.18810808919188873,0.7093912215630145
ACH-000620,0.15389315793657352,0.32996390470895237,0.5161429373544741
ACH-000711,0.1354565211468969,0.46237514287404796,0.40216833597905505
ACH-000684,0.13609350723705865,0.22726807997874812,0.6366384127841932
ACH-001542,0.17425043709266308,0.4486659804096847,0.3770835824976524
ACH-000281,0.13136264616331722,0.31888241369469805,0.5497549401419848
ACH-000108,0.21234544112973017,0.444524459000599,0.34313009986967086
ACH-000176,0.14461643783297964,0.32184806326201276,0.5335354989050076
ACH-000852,0.3029154656136194,0.4175961649276539,0.27948836945872657
ACH-000379,0.2601524978732581,0.4308910812673371,0.30895642085940467
ACH-000929,0.40774285938985977,0.3294752613659662,0.26278187924417395
ACH-000924,0.29784235497333694,0.3438287044608539,0.3583289405658091
ACH-000186,0.12126053048718664,0.3282945924914286,0.5504448770213848
ACH-000674,0.3682483963001208,0.26630306511640844,0.36544853858347076
ACH-000247,0.46386474198938366,0.2595426127652389,0.27659264524537747
ACH-000544,0.22116783677989155,0.5006243039419833,0.2782078592781251
ACH-001625,0.1520575206610886,0.37769107203225405,0.47025140730665727
ACH-000663,0.19011882664512614,0.3423348126386542,0.4675463607162196
ACH-000042,0.16597212295848546,0.47122220189836195,0.3628056751431525
ACH-000235,0.18952572261992373,0.33164678851708906,0.4788274888629872
ACH-000347,0.3484491688528903,0.24280787147686334,0.4087429596702464
ACH-000482,0.24321971668408368,0.4063676691890813,0.350412614126835
ACH-000442,0.08600360085559786,0.2791267841539779,0.6348696149904243
ACH-000505,0.09544819587789592,0.30507006324857455,0.5994817408735297
ACH-001641,0.29022146731810405,0.4311392625162801,0.27863927016561585
ACH-000890,0.1667370542604655,0.3028524599612964,0.5304104857782381
ACH-000561,0.2642343469025185,0.500376854524142,0.23538879857333952
ACH-000048,0.39310909263436716,0.49007451080021897,0.11681639656541383
ACH-000162,0.7642629002077913,0.17347995508801123,0.062257144704197465
ACH-000073,0.6701118031680022,0.2296434803052348,0.10024471652676302
ACH-000349,0.18006520496731196,0.24141684967874286,0.5785179453539453
ACH-000515,0.5770903114728575,0.30689115522924465,0.1160185332978978
ACH-000294,0.7317021087952291,0.18349577031467115,0.08480212089009968
ACH-000357,0.6832898354314302,0.24349424990348015,0.07321591466508957
ACH-000653,0.7649695117363507,0.15748702095614278,0.07754346730750643
ACH-000151,0.748693309159717,0.1846599352545276,0.06664675558575543
ACH-000326,0.6747459688871305,0.21362203597921034,0.11163199513365908
ACH-000193,0.7453287625939526,0.17391555649828547,0.08075568090776179
ACH-000983,0.6867244450453888,0.2154693627723378,0.09780619218227352
ACH-001106,0.759917440954839,0.16233123903830757,0.07775132000685342
ACH-000702,0.5072818082770524,0.3827130274531789,0.11000516426976881
ACH-000439,0.7366848835891149,0.18854095512214245,0.07477416128874256
ACH-000362,0.7778777509972523,0.1484132647323931,0.07370898427035447
ACH-000369,0.7424806948382114,0.16661294144451613,0.0909063637172724
ACH-000745,0.7683821449217756,0.1493658701221483,0.08225198495607595
ACH-000129,0.3336575419459752,0.3122936821307679,0.3540487759232569
ACH-000586,0.4833165318469261,0.35400541892195325,0.1626780492311206
ACH-000287,0.7378808244285578,0.18962036587472503,0.07249880969671721
ACH-000065,0.7408005596166319,0.17690929779172432,0.08229014259164387
ACH-000124,0.7373663226116621,0.18393814453037222,0.0786955328579657
ACH-000751,0.7381995639437613,0.17113191754127444,0.09066851851496437
ACH-000922,0.7488194321169105,0.17673246270852752,0.07444810517456191
ACH-000271,0.6951585484023715,0.23381309999128017,0.07102835160634824
ACH-000365,0.7220907140508612,0.20620165215939873,0.07170763378974003
ACH-000611,0.7173775089363307,0.21229040665338134,0.070332084410288
ACH-000656,0.7488441833799487,0.1730420142185475,0.07811380240150374
ACH-000226,0.5842371221745046,0.2559402831760919,0.15982259464940352
ACH-000534,0.701522911374936,0.2169352354491313,0.08154185317593268
ACH-000132,0.12508793497878684,0.4710013004319649,0.4039107645892483
ACH-000584,0.25557680968064445,0.3769146365627875,0.3675085537565681
ACH-000688,0.17200696790823583,0.22347842457160538,0.6045146075201588
ACH-001373,0.2007830630677466,0.34319615201991394,0.4560207849123395
ACH-000091,0.1671497652833004,0.32408524943523587,0.5087649852814637
ACH-000947,0.2884670397600564,0.46096374817485924,0.2505692120650845
ACH-001418,0.1820609018109778,0.4073404782078275,0.4105986199811948
