,0,1,2
ACH-001711,0.2877032633303369,0.3209622379789942,0.39133449869066894
ACH-000087,0.27607698081890114,0.4302812965275312,0.2936417226535676
ACH-000644,0.2570542026479083,0.34607761359856043,0.39686818375353133
ACH-000905,0.34587325399570873,0.3268673536208592,0.32725939238343194
ACH-000242,0.33330215203055485,0.36457012429682345,0.30212772367262175
ACH-000384,0.31961130379990244,0.31326823039256885,0.36712046580752883
ACH-000720,0.2310710727968966,0.3047322601544354,0.46419666704866813
ACH-001333,0.3650818743215718,0.34389789033393225,0.2910202353444959
ACH-000323,0.23727764212122954,0.3405541851613236,0.422168172717447
ACH-000137,0.23707711041924184,0.3798263450328597,0.3830965445478985
ACH-000558,0.23134790164646554,0.32012700659640636,0.4485250917571281
ACH-000738,0.24216937801511473,0.3099597763620082,0.447870845622877
ACH-000571,0.2343356520164983,0.38268912081101464,0.38297522717248716
ACH-000570,0.23022630262799315,0.3502420899841106,0.4195316073878962
ACH-000867,0.4025004610895798,0.3259413748994695,0.2715581640109508
ACH-000392,0.3592094153745204,0.3212178316012307,0.319572753024249
ACH-000662,0.35935289606948545,0.2644214570123172,0.3762256469181974
ACH-000769,0.3549667070130803,0.3171261091324893,0.32790718385443046
ACH-000589,0.358290168021786,0.34004574594266174,0.3016640860355522
ACH-000035,0.3189983910908619,0.3459515004001133,0.3350501085090248
ACH-000451,0.3095346698920741,0.3795139801290981,0.3109513499788279
ACH-000481,0.4058107508164152,0.28093620932724833,0.31325303985633657
ACH-000447,0.24809960345939683,0.29959638229850044,0.4523040142421026
ACH-000121,0.2461129045687664,0.33316496755203917,0.4207221278791944
ACH-000853,0.25768585707079655,0.3803608756225454,0.3619532673066581
ACH-000187,0.38526246252947477,0.3336478686998162,0.28108966877070907
ACH-000530,0.2677887380570955,0.36623074912571996,0.3659805128171845
ACH-000749,0.3034083853893983,0.4186852530891369,0.27790636152146486
ACH-000866,0.27389121087996016,0.3848980671196648,0.34121072200037506
ACH-000514,0.3070546688091595,0.35218754732663904,0.3407577838642015
ACH-000431,0.3038638371309553,0.37789084790491084,0.3182453149641339
ACH-000729,0.3603507965457495,0.35130146904045206,0.2883477344137985
ACH-000298,0.27561118266165474,0.40296680833142196,0.3214220090069234
ACH-000290,0.31156413373531616,0.39002080998135386,0.29841505628333
ACH-000525,0.37627191567927565,0.3376349838521785,0.28609310046854586
ACH-000610,0.2737646358499682,0.39675714950248725,0.3294782146475445
ACH-000800,0.28926616834946295,0.3994187812327334,0.3113150504178037
ACH-000767,0.3285725469839936,0.3553502336136932,0.3160772194023133
ACH-000355,0.37450709707733926,0.35310147619148013,0.27239142673118055
ACH-000153,0.24266576528165706,0.27926139305671943,0.4780728416616235
ACH-000366,0.2961381317848042,0.3980843137026935,0.3057775545125023
ACH-001702,0.2455927684639626,0.3253361746539818,0.4290710568820556
ACH-000670,0.2784409750527237,0.3517422193678144,0.3698168055794619
ACH-001549,0.2803706374028407,0.4318784015015012,0.28775096109565823
ACH-000521,0.2880997085668755,0.3450236297749883,0.36687666165813615
ACH-000311,0.4127723504309157,0.30021883744530686,0.2870088121237776
ACH-000675,0.2747531320818863,0.3850010347539273,0.3402458331641865
ACH-000945,0.23403301426987416,0.30275257021774904,0.4632144155123767
ACH-000018,0.2457869249317926,0.26869726667159755,0.4855158083966098
ACH-000260,0.23214356976972456,0.3317769031467638,0.4360795270835116
ACH-000510,0.25532867086698185,0.3204710155119855,0.42420031362103267
ACH-000841,0.2863092711928607,0.30519527456021195,0.4084954542469273
ACH-001402,0.24737092220926896,0.3282678701861349,0.4243612076045961
ACH-000775,0.2975455672825925,0.2943423145090407,0.4081121182083668
ACH-000264,0.23116100164687342,0.2891597663241925,0.47967923202893403
ACH-000438,0.26715167804658413,0.314566080605754,0.4182822413476619
ACH-000666,0.2796611226264186,0.3352851087099587,0.3850537686636227
ACH-000496,0.2469710509868972,0.3041472744267347,0.448881674586368
ACH-000094,0.3122336327466959,0.2657397267847713,0.4220266404685329
ACH-000601,0.28700089373431903,0.3050635194290934,0.4079355868365875
ACH-000790,0.28234566533065053,0.3586037852952178,0.3590505493741316
ACH-000718,0.29368964488054716,0.36762792120708887,0.3386824339123639
ACH-000677,0.23723196394282267,0.28851876369546636,0.474249272361711
ACH-000408,0.3619414705841033,0.360145740280716,0.27791278913518075
ACH-000859,0.40737161033268815,0.32689086779896354,0.2657375218683483
ACH-000374,0.3248326653876946,0.38744739363973985,0.28771994097256554
ACH-000111,0.3137699115523175,0.4034437518864932,0.28278633656118934
ACH-000223,0.3531071049726135,0.36502481928310687,0.28186807574427963
ACH-000691,0.4161173981604314,0.3068842288936255,0.27699837294594315
ACH-000755,0.4402949682584789,0.283829671026677,0.2758753607148442
ACH-000276,0.298645591899016,0.3972222857054399,0.30413212239554416
ACH-000603,0.3055700927015196,0.34250656040107225,0.35192334689740823
ACH-000548,0.42926299908516946,0.2947594361082966,0.27597756480653396
ACH-000210,0.2876866373151795,0.3559766422005771,0.3563367204842434
ACH-000826,0.41257681544926483,0.2961355046953024,0.29128767985543286
ACH-000518,0.429214553672408,0.3078656853212422,0.2629197610063499
ACH-000703,0.28895762485573734,0.3580740044321209,0.3529683707121417
ACH-000563,0.29040198013900304,0.3585838865315451,0.3510141333294517
ACH-000305,0.45086473269073746,0.3020936808383961,0.2470415864708664
ACH-000585,0.4490386922614553,0.2958698719458595,0.255091435792685
ACH-000472,0.4685899256424688,0.26993485348927165,0.26147522086825953
ACH-000858,0.43751280677613663,0.26959967488650666,0.29288751833735677
ACH-000265,0.23901179943170092,0.39004392632340273,0.3709442742448964
ACH-000823,0.4607286284146077,0.3057772330080787,0.23349413857731358
ACH-000809,0.4313615365893281,0.2865201138136315,0.28211834959704035
ACH-000637,0.3782253105272276,0.3159421407191441,0.3058325487536283
ACH-000784,0.3360503089124415,0.3131981291197127,0.3507515619678459
ACH-000627,0.23736900269617112,0.3144119292617446,0.44821906804208417
ACH-000787,0.29020525463727825,0.32933892782715046,0.38045581753557134
ACH-000892,0.24511698606278387,0.33963805187014906,0.4152449620670671
ACH-001075,0.4337586110865854,0.2787383429980107,0.28750304591540393
ACH-000871,0.32747244569203415,0.33981714067074537,0.33271041363722037
ACH-000030,0.41860028057306226,0.27185342400209844,0.3095462954248394
ACH-000363,0.4015935324416309,0.32675420617933615,0.271652261379033
ACH-000353,0.4742842084425218,0.2861207783692951,0.2395950131881831
ACH-000626,0.39787996526261593,0.3389570633131219,0.263162971424262
ACH-000259,0.3036513088576692,0.4014961844655118,0.2948525066768189
ACH-000647,0.3577240850269285,0.33937470217642557,0.30290121279664595
ACH-000318,0.4727495162614876,0.2732228362324408,0.25402764750607143
ACH-000452,0.294573928059546,0.4257225815627796,0.2797034903776744
ACH-000354,0.31848498388954727,0.3327525092789802,0.34876250683147264
ACH-000001,0.3172454288333324,0.3802379566529508,0.3025166145137168
ACH-000090,0.31943495640508124,0.26796431640879387,0.4126007271861249
ACH-000971,0.31522730398980403,0.26333703474606873,0.42143566126412724
ACH-000997,0.3054345497088416,0.3446672354425881,0.3498982148485703
ACH-000002,0.5009170847279584,0.28010094741033004,0.2189819678617116
ACH-000552,0.35677285932477143,0.3020941341027482,0.3411330065724803
ACH-000551,0.43580799648164975,0.3056404581223119,0.2585515453960384
ACH-000900,0.28138738519872153,0.38700651019758897,0.33160610460368944
ACH-000463,0.34575667045129777,0.30206688685320887,0.3521764426954934
ACH-000343,0.2726944580656446,0.37588247364956,0.3514230682847953
ACH-000147,0.3324044521985261,0.3630308896959884,0.3045646581054855
ACH-000649,0.265133126438004,0.3505745783159083,0.38429229524608766
ACH-000555,0.25941883831325063,0.35479425708283363,0.38578690460391574
ACH-000681,0.2855361408493777,0.36840909678154354,0.34605476236907884
ACH-000046,0.28917483083723655,0.31818234037883364,0.39264282878392986
ACH-000288,0.226514064890854,0.3278666644553517,0.4456192706537943
ACH-000615,0.2503757806179926,0.3841314060645863,0.36549281331742123
ACH-001190,0.26296797838023434,0.3582500549596785,0.37878196666008723
ACH-000730,0.25531270048261606,0.419515393764939,0.325171905752445
ACH-000811,0.25987118406846327,0.3972632208121275,0.3428655951194093
ACH-000768,0.24529545843000616,0.3230595328966579,0.4316450086733359
ACH-000651,0.3328118308333718,0.2752005650611564,0.3919876041054718
ACH-000433,0.2811565309164804,0.32203806170759264,0.396805407375927
ACH-000817,0.4628209105383813,0.30597623756202985,0.2312028518995887
ACH-000338,0.3917047966523886,0.34114378228311215,0.2671514210644993
ACH-000966,0.32579004494541175,0.3120393055026646,0.3621706495519236
ACH-001151,0.25386532834667763,0.29514261994736524,0.45099205170595713
ACH-000706,0.34097835420266925,0.30435187112583684,0.35466977467149396
ACH-000861,0.23862598362907578,0.3088939476965001,0.45248006867442414
ACH-000825,0.22624226007389406,0.3106900804177097,0.46306765950839623
ACH-000750,0.27601459608294177,0.3288141905812611,0.3951712133357971
ACH-000425,0.2596911549825353,0.3866956159151214,0.35361322910234316
ACH-000579,0.2614575795395049,0.32008484498468626,0.4184575754758088
ACH-000428,0.2945800102259763,0.28758837855088204,0.4178316112231418
ACH-000504,0.24544406798341736,0.4029779617378742,0.3515779702787085
ACH-000232,0.22661017806969647,0.3179424123035446,0.4554474096267591
ACH-000273,0.2319875871420861,0.37500713927366824,0.3930052735842457
ACH-000376,0.2218984822393431,0.3727502627822312,0.4053512549784256
ACH-000655,0.2395274501403247,0.30671142261160644,0.4537611272480689
ACH-000969,0.34317241885291,0.32257134159686457,0.3342562395502254
ACH-000617,0.33869386673136886,0.37541829057647474,0.2858878426921565
ACH-000696,0.26351078882534734,0.33864023404074195,0.3978489771339107
ACH-000535,0.3922438997605835,0.3151541866179922,0.29260191362142424
ACH-001016,0.21977611838260233,0.3085229827314918,0.4717008988859059
ACH-000880,0.30269614786004323,0.35481459874324744,0.34248925339670927
ACH-000528,0.3823900751993301,0.3221354933531754,0.29547443144749447
ACH-000788,0.23427108784950632,0.38692957226530333,0.3787993398851903
ACH-000219,0.2414317271720189,0.365036120673804,0.39353215215417703
ACH-001306,0.23483330229539942,0.2823303276708985,0.48283637003370206
ACH-000896,0.33487611519858906,0.3065054004852896,0.3586184843161212
ACH-000070,0.484198576675479,0.30445967381716693,0.21134174950735402
ACH-000536,0.3263988029198597,0.38128338639169707,0.29231781068844326
ACH-000161,0.3165450000525976,0.30563725742519926,0.3778177425222032
ACH-000401,0.24622769304763403,0.4153174679142274,0.3384548390381386
ACH-000805,0.23998633425915417,0.3559440633506565,0.4040696023901894
ACH-000120,0.24101494882211105,0.3048135384305331,0.4541715127473558
ACH-000138,0.2998670818420961,0.34899245521749617,0.35114046294040774
ACH-001336,0.4626235138149535,0.28684972318804564,0.2505267629970009
ACH-000212,0.2516296080771813,0.296259140410511,0.4521112515123077
ACH-000786,0.4727028892811497,0.3202145524386626,0.20708255828018787
ACH-000334,0.4623068975426057,0.29958364816725574,0.2381094542901385
ACH-000211,0.2700428342874274,0.34046000114933567,0.38949716456323696
ACH-000055,0.37152523649871527,0.34196925492813546,0.28650550857314927
ACH-000863,0.21862544521928637,0.3027124083493348,0.4786621464313789
ACH-000233,0.3604795654286545,0.3519377947403692,0.2875826398309763
ACH-000207,0.48498827257965277,0.26928324915358637,0.24572847826676084
ACH-000244,0.22186732272495613,0.3097697708935154,0.4683629063815284
ACH-000056,0.4727875096124318,0.30970376668945143,0.21750872369811686
ACH-001341,0.42711319346706594,0.2938467619900079,0.279040044542926
ACH-000258,0.2883282867474387,0.38688687212243666,0.32478484113012457
ACH-000560,0.2804914026495899,0.39209075599446,0.32741784135595015
ACH-000225,0.289570598791605,0.39765634723057064,0.3127730539778244
ACH-000330,0.34513469623609694,0.29922752259027546,0.35563778117362765
ACH-000936,0.32885164642333087,0.3365043868856552,0.3346439666910138
ACH-000295,0.4950697419834595,0.28950546887740153,0.21542478913913896
ACH-000198,0.4696712286746156,0.3095893127196623,0.22073945860572208
ACH-000846,0.4428497526251946,0.2971132238910127,0.26003702348379276
ACH-000572,0.25758931081270237,0.34488542625749485,0.39752526292980284
ACH-000098,0.21791744144836153,0.3595777640932225,0.42250479445841593
ACH-000081,0.414367564166522,0.3516314036984248,0.23400103213505324
ACH-000756,0.22269527468259373,0.3845186071117024,0.3927861182057039
ACH-001716,0.2820691234146951,0.41795886869938975,0.29997200788591516
ACH-000835,0.26636290581185046,0.31275429302769836,0.4208828011604512
ACH-000913,0.2516550172220853,0.3670878257965273,0.3812571569813873
ACH-000389,0.24625819282019193,0.39323249690236445,0.3605093102774436
ACH-000930,0.34846382337974313,0.3299240692746599,0.32161210734559686
ACH-000624,0.41085827499288524,0.31828504761410353,0.2708566773930112
ACH-000668,0.3404315649032906,0.36202663120016393,0.2975418038965455
ACH-001517,0.3059794667534333,0.29124439061911617,0.40277614262745054
ACH-000847,0.36816746719926474,0.32958051385486775,0.3022520189458675
ACH-000061,0.44070095380681873,0.33297021388714626,0.22632883230603495
ACH-000778,0.4174204719108492,0.28850281593954563,0.29407671214960523
ACH-000546,0.36685161823823476,0.3646924084221832,0.26845597333958193
ACH-000914,0.4892948993808969,0.29566969531007126,0.21503540530903184
ACH-000547,0.31561256891217726,0.3065012238615944,0.3778862072262284
ACH-001525,0.43597716334480036,0.3234038291939738,0.24061900746122591
ACH-000480,0.2585391493302122,0.35997536562644056,0.3814854850433473
ACH-001526,0.25990500904003333,0.3500190342372126,0.3900759567227541
ACH-000538,0.31418010028318466,0.34203188977421717,0.3437880099425981
ACH-000882,0.26016609714992406,0.4057128166396218,0.3341210862104541
ACH-000915,0.24038268404405458,0.4067439573012156,0.35287335865472985
ACH-001530,0.33170526316859045,0.3760477469158719,0.29224698991553766
ACH-000106,0.4540505697684921,0.3138955759870838,0.23205385424442404
ACH-000346,0.44640409342476794,0.3234771160962411,0.2301187904789909
ACH-000231,0.22822763163505627,0.3304031837273229,0.44136918463762076
ACH-000053,0.3544795375352616,0.3845712087963596,0.26094925366837884
ACH-000263,0.46844419571346035,0.3019554167450418,0.22960038754149795
ACH-000793,0.37662982582475535,0.2852938994907845,0.3380762746844603
ACH-000101,0.4064070787403421,0.3596938138199853,0.23389910743967265
ACH-000386,0.4825595457946482,0.30266015668629564,0.21478029751905617
ACH-000380,0.4441571357468253,0.32084893596649455,0.23499392828668006
ACH-000213,0.33944493631126266,0.3051161945105851,0.3554388691781524
ACH-000926,0.3798308412337464,0.27591209803148986,0.3442570607347637
ACH-000986,0.3653587702439587,0.32652437759199615,0.30811685216404505
ACH-001519,0.26257643462810937,0.31269903772571694,0.42472452764617374
ACH-001345,0.38432066029600465,0.3141888636598719,0.3014904760441235
ACH-000698,0.27672702635869173,0.33066565440798246,0.3926073192333258
ACH-000375,0.26785651774983205,0.3555125159150046,0.3766309663351634
ACH-000074,0.47203716609033347,0.29084445302651607,0.2371183808831506
ACH-000486,0.3075042219618194,0.3708618996266948,0.32163387841148583
ACH-000631,0.2210410030401796,0.371363728538121,0.4075952684216993
ACH-000693,0.49315994448153005,0.26852516363984946,0.2383148918786203
ACH-000873,0.3771451695056202,0.3583716557832999,0.2644831747110799
ACH-000865,0.4403123753464733,0.292718840894047,0.2669687837594798
ACH-000754,0.3775199916576788,0.38456436509285447,0.2379156432494668
ACH-000806,0.43544124090541986,0.3313312960854957,0.23322746300908437
ACH-000301,0.4500045128199775,0.294929076850179,0.25506641032984345
ACH-000104,0.4432505355549113,0.31473970233890286,0.24200976210618586
ACH-000950,0.32923441159184585,0.3095336513803543,0.3612319370277998
ACH-000204,0.35260605938838074,0.35989484524041854,0.2874990953712008
ACH-000501,0.30419757637793116,0.3000621559214144,0.3957402677006545
ACH-000985,0.3169004945672206,0.28168041553164963,0.4014190899011298
ACH-000583,0.5115955628815456,0.28219036100745315,0.20621407611100123
ACH-000934,0.31039207740605684,0.3797554714706152,0.3098524511233279
ACH-000910,0.40314892459270113,0.28796681402022284,0.30888426138707603
ACH-000849,0.40415975355769135,0.3371964648378439,0.2586437816044648
ACH-000450,0.31369930071911617,0.34774329033633655,0.3385574089445473
ACH-000881,0.245150618372015,0.37239220195105344,0.3824571796769315
ACH-000072,0.4619795918151467,0.29799137814913024,0.24002903003572312
ACH-000449,0.25404065552186467,0.3832655382852453,0.36269380619289004
ACH-000192,0.28964221618238417,0.406199791843704,0.30415799197391186
ACH-000359,0.23128090869246717,0.327788652150138,0.4409304391573948
ACH-000020,0.4358777061915279,0.3427314644863225,0.22139082932214957
ACH-000156,0.44839933959798617,0.33382186523798746,0.2177787951640263
ACH-000391,0.2646669988958405,0.3284910671311532,0.4068419339730064
ACH-000078,0.3337837113134932,0.32734392027867387,0.33887236840783297
ACH-000351,0.2581317370545821,0.4022918859611779,0.33957637698424004
ACH-000918,0.4372458197462231,0.34774513382449257,0.2150090464292843
ACH-000335,0.25661104735917917,0.3306827704804226,0.41270618216039817
ACH-000938,0.4810524758163711,0.3009596467528765,0.21798787743075237
ACH-000944,0.4939815237678764,0.2940499920472972,0.21196848418482636
ACH-000360,0.3873839328197907,0.26942337423206764,0.34319269294814175
ACH-000395,0.3005589728058194,0.368323614764534,0.33111741242964654
ACH-000932,0.2839613468501882,0.3079046044181011,0.4081340487317108
ACH-000303,0.282190964819038,0.3425090638669894,0.3752999713139726
ACH-001603,0.3198709221437463,0.34783508980962186,0.33229398804663174
ACH-000200,0.2142993955905216,0.31608110794064975,0.46961949646882856
ACH-000168,0.390891413924742,0.3551286777264161,0.25397990834884193
ACH-001605,0.2208027740535674,0.3941121080033921,0.38508511794304057
ACH-000911,0.35170276006556567,0.28271954145495387,0.3655776984794804
ACH-000403,0.291622232723223,0.33556701774655834,0.3728107495302186
ACH-000491,0.3094120349682085,0.32241712520093546,0.36817083983085597
ACH-000628,0.2714620099027715,0.3928785118338526,0.3356594782633758
ACH-000638,0.28487220603073726,0.3089831127120501,0.4061446812572126
ACH-000427,0.4157533595000618,0.3012116961493433,0.28303494435059495
ACH-000888,0.2505853801218115,0.3771294640548513,0.3722851558233372
ACH-000860,0.3823282424138022,0.2980741260779455,0.3195976315082523
ACH-000980,0.2430821602779437,0.4231265549041115,0.3337912848179449
ACH-000780,0.2907493954931529,0.42257926178175625,0.2866713427250909
ACH-000830,0.349193463607983,0.35865186793784076,0.2921546684541763
ACH-000015,0.3695000315871733,0.32492861277473084,0.3055713556380959
ACH-000448,0.4255812380571368,0.3191268211076166,0.2552919408352466
ACH-000282,0.24670365058412413,0.3187337520749471,0.4345625973409287
ACH-000394,0.2965574367449007,0.3990929934093389,0.30434956984576045
ACH-000399,0.24046293938759458,0.3712954183240916,0.3882416422883139
ACH-000816,0.355605599368619,0.36852217433659984,0.27587222629478125
ACH-000776,0.2995315784932594,0.3163201674932337,0.38414825401350694
ACH-000024,0.44205301903973593,0.31850166178182915,0.2394453191784349
ACH-000372,0.5065687106943305,0.28791802787268533,0.2055132614329842
ACH-001374,0.32486159639808765,0.3522735779009045,0.3228648257010078
ACH-000937,0.471534137945558,0.3171436519003062,0.21132221015413588
ACH-000654,0.45029591986199563,0.33332425235417684,0.2163798277838275
ACH-000565,0.311391291221371,0.32505743546247967,0.3635512733161493
ACH-000169,0.2424486006651022,0.32508456755546056,0.43246683177943734
ACH-000960,0.4414203171119932,0.3446528832145277,0.21392679967347905
ACH-000943,0.2843431815602198,0.29976892965181384,0.41588788878796634
ACH-000874,0.4246377703518609,0.35846537888433205,0.21689685076380708
ACH-000614,0.27136943208516623,0.35249559516161544,0.3761349727532183
ACH-000410,0.23606803469954366,0.4012606573541448,0.36267130794631147
ACH-000181,0.4049311245346259,0.3429524127359929,0.2521164627293813
ACH-000609,0.2420868511146829,0.34554925366464445,0.4123638952206726
ACH-000441,0.23595416494615398,0.34255534715255204,0.42149048790129406
ACH-000361,0.23642541471613768,0.29594901773307886,0.46762556755078344
ACH-000373,0.40453839973047445,0.3427628800610702,0.2526987202084552
ACH-000423,0.27034426064153483,0.3863373582503287,0.34331838110813634
ACH-000822,0.22326726149366607,0.38604028986876326,0.3906924486375707
ACH-000810,0.24788229845691767,0.3910851069412555,0.3610325946018268
ACH-000640,0.24167760729429624,0.4051431251893223,0.3531792675163814
ACH-000665,0.2862283244392329,0.3215798963387134,0.39219177922205367
ACH-001193,0.2782720385597737,0.43156264813998224,0.29016531330024414
ACH-000939,0.23143323775851457,0.3277742665066037,0.44079249573488166
ACH-000478,0.2307634456154666,0.32017710118645804,0.44905945319807544
ACH-000493,0.2336793993357672,0.3589443661642639,0.40737623449996896
ACH-000420,0.23861186746829616,0.36639794250251384,0.3949901900291899
ACH-000664,0.3967166826550565,0.35044203773588384,0.2528412796090597
ACH-000953,0.48678512051779693,0.3053659493386571,0.20784893014354594
ACH-000437,0.21381199042179297,0.32605424300995095,0.46013376656825605
ACH-000489,0.3331777660290118,0.2776378753828519,0.38918435858813627
ACH-000236,0.3263374897422282,0.27543652319256584,0.39822598706520596
ACH-000566,0.24806896393766076,0.37266023279014326,0.37927080327219587
ACH-000958,0.3744366737274666,0.27044496606873764,0.3551183602037958
ACH-001399,0.2887960566942447,0.30155334988978333,0.40965059341597193
ACH-000421,0.31206848020714445,0.3026612684114316,0.385270251381424
ACH-000680,0.33976725053418866,0.28895450749410906,0.37127824197170234
ACH-001274,0.22045310093185402,0.2983031110334497,0.4812437880346962
ACH-000197,0.47481124722069684,0.31128540059656146,0.2139033521827417
ACH-000430,0.25127322388457907,0.28409704964222515,0.46462972647319584
ACH-000364,0.2769414861675276,0.37656726635268006,0.3464912474797924
ACH-000554,0.4227223791623195,0.3083948372237748,0.2688827836139057
ACH-000171,0.26538800080530395,0.32571543971968436,0.40889655947501174
ACH-000304,0.22414218211430623,0.3698961993527387,0.40596161853295504
ACH-001709,0.49188749869795434,0.29436031474241714,0.21375218655962858
ACH-000332,0.2957424927589786,0.28967474674726695,0.4145827604937544
ACH-000469,0.22755365487463047,0.3191443450875432,0.45330200003782634
ACH-000828,0.3820442072784733,0.3323083600774716,0.28564743264405507
ACH-000189,0.2814683740860364,0.32935528098309597,0.38917634493086767
ACH-000524,0.28551084063098353,0.3112665548477515,0.403222604521265
ACH-000815,0.3704239723169975,0.3929424118150796,0.23663361586792298
ACH-000679,0.40748926516351686,0.2860616698986879,0.3064490649377951
ACH-000416,0.27896159496713374,0.37596881533670573,0.34506958969616053
ACH-000704,0.28141259028203847,0.3246517294879726,0.3939356802299889
ACH-000383,0.30831528081018816,0.30678302451759487,0.3849016946722169
ACH-000998,0.3462970305588477,0.31833372436185026,0.3353692450793021
ACH-000136,0.27916043646364513,0.4449463777085378,0.27589318582781697
ACH-000350,0.31401069213515875,0.30487220659495196,0.38111710126988924
ACH-000864,0.2879717334434138,0.41136999231391097,0.3006582742426752
ACH-001442,0.47402433897027707,0.2775502628754249,0.2484253981542981
ACH-000009,0.3681915813836793,0.30001134810591673,0.33179707051040397
ACH-000188,0.38335865046692924,0.3510131313206573,0.26562821821241345
ACH-000222,0.28118039618689783,0.28752067926846975,0.4312989245446323
ACH-000440,0.44634600440741645,0.3286966349088966,0.22495736068368694
ACH-000248,0.41437947488369076,0.30590230852747746,0.2797182165888318
ACH-000245,0.49421815429204735,0.30059316265058666,0.20518868305736598
ACH-000672,0.2410450534103519,0.2769935813811275,0.4819613652085205
ACH-001674,0.316462006160048,0.40051361422442805,0.283024379615524
ACH-000940,0.25768552631437375,0.37934131348739036,0.36297316019823594
ACH-000757,0.3115307607581414,0.32086384851365246,0.3676053907282061
ACH-000857,0.3999611698139551,0.32041573776023385,0.2796230924258112
ACH-000371,0.4921477030558314,0.2976752880344968,0.21017700890967178
ACH-000506,0.3320079093546257,0.3789136544256114,0.2890784362197629
ACH-000893,0.257874682333414,0.32048107725607855,0.42164424041050746
ACH-000348,0.21624241343226455,0.310568242774624,0.4731893437931115
ACH-000238,0.4069202352849431,0.3402501744668996,0.2528295902481572
ACH-000722,0.37727918996093546,0.2896250489562942,0.3330957610827703
ACH-000567,0.4909330866687144,0.2970982748148312,0.21196863851645437
ACH-000254,0.4186338871227936,0.3314233966374701,0.2499427162397362
ACH-000107,0.28784183875866426,0.30360159181653,0.40855656942480584
ACH-000832,0.45621287814732414,0.29289185439019294,0.25089526746248286
ACH-000429,0.27123559799951247,0.3973185801464427,0.3314458218540448
ACH-000411,0.3034751091318686,0.3279305448318984,0.3685943460362331
ACH-001328,0.47518872811306373,0.2897133572617948,0.23509791462514149
ACH-000802,0.4114304040393379,0.330923237829342,0.25764635813132003
ACH-000856,0.25367934970913425,0.3488395256006351,0.39748112469023067
ACH-001642,0.3924340464172069,0.3098904530509887,0.2976755005318043
ACH-000062,0.2275590066574747,0.413448424949464,0.3589925683930614
ACH-000269,0.26581130130610703,0.28781512389786607,0.44637357479602685
ACH-000157,0.42610225450728934,0.33487993603945676,0.23901780945325382
ACH-000697,0.3554114954825775,0.3859420389961048,0.2586464655213177
ACH-001338,0.3158749994675234,0.3931224487028473,0.2910025518296293
ACH-000464,0.22153801377763097,0.29918072558086156,0.4792812606415075
ACH-000113,0.41576657211342694,0.3507867370541721,0.23344669083240085
ACH-000920,0.4350445485836755,0.3336249901578032,0.23133046125852125
ACH-000308,0.27153707742081534,0.35342891650329755,0.375034006075887
ACH-000252,0.308425167246159,0.29927678732020807,0.39229804543363306
ACH-001307,0.24135354532858852,0.28110046482570683,0.4775459898457046
ACH-000456,0.2428205068285552,0.3140040413881452,0.4431754517832996
ACH-001453,0.42082676040851286,0.30749105066103466,0.2716821889304525
ACH-000267,0.36055835478562226,0.3878663460717499,0.2515752991426277
ACH-000293,0.3135036721541074,0.3540098411198777,0.33248648672601483
ACH-000183,0.38708254230360023,0.3746563945044077,0.23826106319199217
ACH-000876,0.31257249536514337,0.39839229136965126,0.28903521326520537
ACH-000587,0.2914987574064787,0.3260034566565399,0.3824977859369814
ACH-000772,0.25420470481748103,0.38265835285987854,0.3631369423226404
ACH-000678,0.33297805567090927,0.3559161631212361,0.31110578120785465
ACH-000621,0.2518820980619454,0.38768836160585174,0.360429540332203
ACH-000356,0.3546366653756807,0.27755352699824243,0.3678098076260769
ACH-000789,0.3224627186087585,0.34384539979835815,0.3336918815928835
ACH-000417,0.29397136834408844,0.2738441414996424,0.4321844901562692
ACH-000060,0.2716766644316802,0.28966434543667247,0.4386589901316473
ACH-001384,0.27265105636737014,0.2813831683285694,0.4459657753040605
ACH-000694,0.49450256618522415,0.2914136859284367,0.2140837478863392
ACH-000488,0.4870626280386028,0.28341254471716865,0.22952482724422865
ACH-000605,0.4348187687799455,0.30972725669964296,0.2554539745204114
ACH-000927,0.4099986859160265,0.314640653864931,0.27536066021904254
ACH-000116,0.3252474523879573,0.3187330336913652,0.35601951392067754
ACH-000596,0.2744176765187515,0.3652038833618676,0.36037844011938086
ACH-000783,0.31992053057098063,0.34694231382815555,0.3331371556008638
ACH-000995,0.4491046338833655,0.30859570014792986,0.2422996659687046
ACH-000957,0.3401742836524283,0.288513029196154,0.37131268715141763
ACH-000794,0.42726956345700734,0.2978568143414037,0.27487362220158884
ACH-001332,0.46025402702925344,0.2816745747587401,0.2580713982120066
ACH-000963,0.3879817401287894,0.3180262606798803,0.2939919991913301
ACH-000812,0.2769681913099029,0.36646421134558405,0.35656759734451304
ACH-000978,0.24808064489927661,0.35307739240096675,0.39884196269975675
ACH-000906,0.2369592591678036,0.29993023502514937,0.46311050580704705
ACH-000843,0.4629018260824249,0.28662802459928177,0.2504701493182933
ACH-000878,0.2673420971261848,0.2974564349314979,0.4352014679423174
ACH-000840,0.303395881834906,0.312064576395836,0.3845395417692579
ACH-000667,0.303437110462566,0.35200686836272965,0.34455602117470435
ACH-000012,0.3141275673593427,0.33391647898128507,0.35195595365937216
ACH-000067,0.21867810541824906,0.34551743464773604,0.435804459934015
ACH-000616,0.23178851006753978,0.30232658458993206,0.46588490534252813
ACH-000650,0.27509769156636316,0.3432298474351365,0.3816724609985004
ACH-001528,0.2540484402860966,0.29199629825948853,0.4539552614544148
ACH-000919,0.3856406265251734,0.2841905727871342,0.3301688006876923
ACH-000577,0.2828711196277303,0.3333846820555772,0.38374419831669254
ACH-000217,0.24370313965164422,0.3002070719049392,0.4560897884434165
ACH-000848,0.28450221494227773,0.3758796361793583,0.33961814887836395
ACH-000819,0.23900980309993836,0.3167241465760735,0.4442660503239881
ACH-000573,0.26486347140333527,0.2945348997108175,0.4406016288858473
ACH-000935,0.24427920940106745,0.2758175139714268,0.47990327662750576
ACH-000988,0.30433963301466205,0.3840975269309252,0.31156284005441276
ACH-000058,0.23920631185756744,0.3700989900597152,0.3906946980827173
ACH-000559,0.30793093955179274,0.3281038031484399,0.3639652572997675
ACH-000894,0.37357270431999756,0.29605791211372195,0.3303693835662805
ACH-000434,0.2602678520078206,0.28456341084916514,0.45516873714301426
ACH-000414,0.30700731664530106,0.35655584769156806,0.3364368356631308
ACH-000752,0.22926591395244883,0.3330228903450492,0.4377111957025019
ACH-000781,0.2781444829081797,0.3845185139716268,0.3373370031201935
ACH-000639,0.33278387560069184,0.3786556941212868,0.2885604302780214
ACH-000337,0.3686130593680633,0.29232091239781005,0.3390660282341267
ACH-000378,0.322927545406601,0.29802686267874423,0.37904559191465476
ACH-000292,0.2510849841558721,0.39278412584012146,0.35613089000400633
ACH-001626,0.36307278127824144,0.35173969454587234,0.2851875241758862
ACH-000291,0.29791729320048765,0.29231100235190166,0.40977170444761074
ACH-000527,0.2812482213526171,0.35897100005489935,0.3597807785924835
ACH-000023,0.2635066351913583,0.2727760085405425,0.4637173562680992
ACH-000144,0.3675535130583424,0.35988167996287707,0.27256480697878055
ACH-000100,0.3199885699171864,0.3784274728845344,0.3015839571982791
ACH-001650,0.3355968824457151,0.32060360532414545,0.3437995122301394
ACH-001655,0.26116623889366253,0.3035032068544309,0.4353305542519067
ACH-000221,0.34687179726610523,0.34209503624688775,0.3110331664870071
ACH-000114,0.29701830670932494,0.3014612098941516,0.4015204833965236
ACH-000652,0.26033705533818974,0.2754809532561182,0.46418199140569216
ACH-001398,0.2546866587323971,0.365196437875804,0.38011690339179893
ACH-000424,0.33323923797653077,0.38913718640523626,0.2776235756182331
ACH-000885,0.2618870080478257,0.37569737835814077,0.3624156135940335
ACH-000716,0.2357193008581428,0.29492221536707114,0.4693584837747861
ACH-000484,0.2553815855372489,0.3873184035025445,0.35730001096020675
ACH-000059,0.47693641335106046,0.3079504829090274,0.21511310373991213
ACH-000336,0.39608635149878446,0.33775936734244744,0.26615428115876805
ACH-001443,0.24507074708107837,0.288214102983294,0.4667151499356277
ACH-000516,0.226394543636398,0.3626994828711651,0.41090597349243685
ACH-000249,0.30097565955998434,0.29657347614928903,0.40245086429072663
ACH-000243,0.3301133113327163,0.2896509201834117,0.38023576848387197
ACH-000352,0.338708810251641,0.31265505215021905,0.3486361375981399
ACH-000562,0.2904672562607798,0.3076878202437548,0.40184492349546547
ACH-000105,0.491483208285598,0.30068356151186915,0.20783323020253294
ACH-000838,0.46087523168342226,0.3293693401029331,0.20975542821364465
ACH-000981,0.4391394774621709,0.34152788449146737,0.21933263804636172
ACH-000821,0.3815387089358948,0.38027128372587304,0.23819000733823217
ACH-001498,0.48520052771540334,0.30719524563813366,0.20760422664646286
ACH-000270,0.3282644844396738,0.2945900950024403,0.37714542055788575
ACH-000814,0.2494961303737459,0.36955655727621284,0.38094731235004126
ACH-000620,0.297712168714787,0.34244791183228485,0.3598399194529281
ACH-000711,0.31434742815510963,0.34353620121082384,0.3421163706340666
ACH-000250,0.2463438017217708,0.33387998868129193,0.4197762095969372
ACH-001542,0.4728431645248889,0.288855845410538,0.23830099006457311
ACH-000108,0.26336567223947144,0.2928342958488716,0.4438000319116569
ACH-000176,0.24164939728691762,0.342247103423767,0.4161034992893153
ACH-000852,0.3425296133558319,0.32382804945134724,0.33364233719282094
ACH-000379,0.3848470782165173,0.3049667945040903,0.3101861272793924
ACH-000929,0.42418053582206905,0.29566188845368346,0.2801575757242476
ACH-000924,0.28509826274342487,0.3850990851345884,0.32980265212198673
ACH-000186,0.31127846761524874,0.3851714827176231,0.30355004966712823
ACH-000674,0.3740344423482686,0.27047801152726064,0.35548754612447064
ACH-000247,0.345941630276463,0.2818896374296729,0.3721687322938641
ACH-000544,0.4792786069129909,0.28496860310486627,0.23575278998214289
ACH-001625,0.47122373789858163,0.2710594443899206,0.2577168177114979
ACH-000663,0.3349499559535038,0.3219255432980216,0.3431245007484745
ACH-000599,0.30198942774047083,0.2668850564106765,0.4311255158488528
ACH-000347,0.28156391269759945,0.3124266215319312,0.4060094657704694
ACH-000482,0.3277547938168096,0.3520033386821759,0.3202418675010145
ACH-000442,0.283868534733622,0.35012566927559474,0.36600579599078326
ACH-000505,0.23143600687548088,0.291179558107514,0.47738443501700517
ACH-001641,0.5087732426707376,0.2620180348130681,0.22920872251619417
ACH-000890,0.24874950891599418,0.30841607806545185,0.442834413018554
ACH-000048,0.26620347631575636,0.4088403791350315,0.3249561445492121
ACH-000827,0.24033319648513546,0.3488650899832234,0.41080171353164113
ACH-000162,0.5120791489358854,0.28460221389368806,0.20331863717042659
ACH-000073,0.42164829390690456,0.3409144071875385,0.23743729890555698
ACH-000349,0.2996096246763028,0.3759512361975127,0.3244391391261846
ACH-000515,0.360290002981106,0.3576256440567306,0.2820843529621634
ACH-000294,0.502065985145522,0.2816143510150499,0.21631966383942805
ACH-000357,0.4678639227426921,0.29801322821862464,0.2341228490386831
ACH-000653,0.3959875378932906,0.3720686023469491,0.23194385975976028
ACH-000151,0.49574953513952164,0.29024385481824583,0.21400661004223262
ACH-000326,0.41896790583011834,0.3123238548458473,0.26870823932403437
ACH-000193,0.4765974774793793,0.3032344617065688,0.22016806081405188
ACH-000983,0.4495789161791378,0.29616246981647465,0.2542586140043875
ACH-001106,0.43203217905915303,0.35078187358249,0.21718594735835692
ACH-000702,0.4080231003953797,0.3485855704325176,0.2433913291721028
ACH-000439,0.44629090501664276,0.30174082125288304,0.25196827373047426
ACH-000362,0.47787077996257704,0.29987018652525843,0.22225903351216458
ACH-000369,0.4632910205608169,0.29534324504824444,0.24136573439093859
ACH-000745,0.3334268997549764,0.3950251414031433,0.27154795884188027
ACH-000586,0.2861217224893506,0.42242426281358,0.29145401469706944
ACH-000287,0.49357093541780717,0.2967713836898017,0.20965768089239128
ACH-000124,0.4831208010625479,0.2944364205923966,0.2224427783450556
ACH-000751,0.43502869257281673,0.32210766513217703,0.24286364229500632
ACH-000218,0.4152086072931359,0.35769796964359324,0.22709342306327082
ACH-000922,0.4592521521796943,0.315786339910611,0.22496150790969469
ACH-001638,0.39723242815326615,0.3557789335339678,0.24698863831276605
ACH-000271,0.499991876343957,0.28710628022103724,0.21290184343500565
ACH-000365,0.48278519499466294,0.3004604175593542,0.21675438744598294
ACH-000611,0.4887953507308429,0.29889950724962994,0.2123051420195272
ACH-000656,0.46769972763322093,0.33284036208524503,0.19945991028153395
ACH-000226,0.3419118841831734,0.4038122132799275,0.25427590253689897
ACH-000132,0.3576450813707363,0.31193109831132154,0.3304238203179422
ACH-000584,0.35200460011175894,0.3177009061262814,0.3302944937619597
ACH-000688,0.24792165163317234,0.3440298520619509,0.40804849630487666
ACH-001373,0.3428156627234409,0.3131734720464167,0.34401086523014246
ACH-000091,0.2530917442639583,0.32198961533254084,0.4249186404035008
ACH-000947,0.27130940849179797,0.33957200725250875,0.38911858425569323
ACH-001418,0.3723697088985249,0.29948705907752066,0.32814323202395457
ACH-001500,0.249342706068216,0.39748676974701247,0.3531705241847716
ACH-001368,0.3126917451493832,0.3055593867326844,0.38174886811793246
ACH-001653,0.38618472543274207,0.27127769848371247,0.34253757608354546
ACH-001654,0.3329501338321442,0.3378875930695163,0.32916227309833956
ACH-001496,0.3931669559462723,0.2794745888353045,0.3273584552184231
ACH-001497,0.31338335548606616,0.3333094907144618,0.35330715379947203
ACH-000917,0.4267799916057948,0.29266556810557953,0.2805544402886256
ACH-000714,0.42212857071140125,0.33751531201142443,0.24035611727717437
ACH-000763,0.42343691469410755,0.3512053066518563,0.22535777865403608
ACH-001617,0.48323517189895726,0.30432974733892876,0.2124350807621139
ACH-000999,0.35716231002698406,0.3227019455949283,0.3201357443780876
ACH-000989,0.31952017896702817,0.3589849815349393,0.3214948394980325
ACH-000708,0.37492386780568804,0.2816049044682694,0.3434712277260426
ACH-000955,0.32220439175736937,0.37867411367540726,0.2991214945672234
ACH-000532,0.3613807564017174,0.28135774369653815,0.3572614999017444
ACH-000991,0.3185507700655003,0.33578881422692447,0.34566041570757533
ACH-000970,0.29671847334201823,0.3014903385021637,0.40179118815581805
