,0,1,2
ACH-000052,0.7172872980359645,0.16188096405698346,0.12083173790705205
ACH-000087,0.7677193547664126,0.1422413247452511,0.09003932048833627
ACH-000644,0.12243323875216652,0.24809654023684644,0.6294702210109872
ACH-000905,0.20388083703180526,0.4314841274762845,0.3646350354919102
ACH-000242,0.17334420895538005,0.19784653138388922,0.6288092596607308
ACH-000384,0.1290003649988587,0.24531818538181627,0.625681449619325
ACH-000720,0.14890336478883578,0.4321251116874723,0.4189715235236918
ACH-001333,0.43989285500718406,0.2883620754626249,0.27174506953019106
ACH-000323,0.1472343403312252,0.6830823236360278,0.1696833360327469
ACH-000137,0.17308361556733617,0.5742042192548027,0.2527121651778612
ACH-000558,0.2643257087162634,0.3470333516957541,0.38864093958798257
ACH-000738,0.30664375067025934,0.4426514393206422,0.25070481000909844
ACH-000571,0.15214711481592552,0.3114452953450376,0.5364075898390369
ACH-000040,0.14056977049162875,0.6692911137736193,0.19013911573475217
ACH-000867,0.1792624049703385,0.46531488970616885,0.35542270532349257
ACH-000392,0.13016618421717116,0.23740308947329108,0.6324307263095378
ACH-000662,0.31489571946358913,0.47076440553726673,0.21433987499914428
ACH-000769,0.7091930192934244,0.18396065184759056,0.10684632885898512
ACH-000589,0.4240520291893903,0.26132250364842236,0.3146254671621874
ACH-000744,0.16841160710373826,0.4363808992553064,0.3952074936409554
ACH-000766,0.15840999601335268,0.48675682733689296,0.3548331766497545
ACH-000035,0.1220200496189596,0.2896616759347407,0.5883182744462998
ACH-000733,0.18880255485089473,0.43955005484178966,0.37164739030731553
ACH-000451,0.11463736139340026,0.5005073631978798,0.3848552754087199
ACH-000481,0.5211288478960555,0.19841441832700507,0.2804567337769394
ACH-000447,0.3520812741044289,0.22211913317360166,0.4257995927219694
ACH-000951,0.16798755620144812,0.19200254602181804,0.6400098977767338
ACH-000875,0.15700814259113344,0.28833704238294416,0.5546548150259224
ACH-000121,0.1293272376353663,0.2549735411484631,0.6156992212161706
ACH-000853,0.16700544459992883,0.3807435193635616,0.4522510360365095
ACH-000187,0.6849129969952398,0.15547697028457008,0.1596100327201902
ACH-000530,0.35983715634086316,0.4176938427273752,0.22246900093176158
ACH-000749,0.7500419257848168,0.15625821723659,0.09369985697859314
ACH-000866,0.5594751388937204,0.17819787189100328,0.2623269892152764
ACH-000514,0.41590041170007747,0.23622374755587583,0.34787584074404665
ACH-000431,0.5774007231201617,0.26755445927175364,0.15504481760808478
ACH-000729,0.6693610307353763,0.16784011623750236,0.1627988530271212
ACH-000298,0.2146106218408756,0.23138098360793005,0.5540083945511944
ACH-000290,0.6003685225577867,0.21242851695254403,0.18720296048966933
ACH-000525,0.7028743455045936,0.17546977759252716,0.12165587690287936
ACH-000610,0.5443124921428282,0.22814385094059714,0.2275436569165746
ACH-000800,0.7102080975162152,0.16546831233600068,0.12432359014778416
ACH-000767,0.668787479382642,0.15803091411835374,0.17318160649900413
ACH-000358,0.4105235640164018,0.3543395348715602,0.23513690111203805
ACH-000355,0.7816713989903156,0.12881278201792665,0.08951581899175796
ACH-000366,0.6960238023054961,0.19069397077909375,0.11328222691541012
ACH-000341,0.5608257082528336,0.2567227092687001,0.1824515824784663
ACH-000670,0.44280337046891316,0.3334741797979095,0.2237224497331775
ACH-001549,0.6548039889238092,0.18874492328577666,0.1564510877904141
ACH-000521,0.13836968021647075,0.5382812649058525,0.32334905487767684
ACH-000311,0.5105763233014021,0.2661275293984865,0.22329614730011135
ACH-000675,0.35246107622810186,0.2731016854194257,0.37443723835247256
ACH-000945,0.14861346184705632,0.3509637031797896,0.5004228349731541
ACH-000018,0.11883682636962994,0.2505986384111808,0.6305645352191893
ACH-000050,0.6121887257138648,0.24830461517404528,0.13950665911208976
ACH-000260,0.37703887225885163,0.31936413969232263,0.3035969880488256
ACH-000510,0.14954670053084576,0.6785298422594558,0.17192345720969848
ACH-000841,0.22245693577946643,0.29772704920268217,0.47981601501785137
ACH-001402,0.1569022303608439,0.3342148948742746,0.5088828747648816
ACH-000775,0.21988346447036472,0.34625673210157615,0.43385980342805913
ACH-000264,0.23849018902612984,0.5331085414171429,0.2284012695567273
ACH-000438,0.6123793539210036,0.21557634300308826,0.17204430307590823
ACH-000666,0.2142613463767054,0.48131919974348675,0.3044194538798078
ACH-000496,0.4258124924885125,0.3133792548323649,0.2608082526791226
ACH-000601,0.27107918433347505,0.4647673332071381,0.26415348245938686
ACH-000790,0.39657668150160214,0.29099302382059355,0.31243029467780437
ACH-000886,0.2952314637900249,0.3967826354597092,0.3079859007502659
ACH-000718,0.15664288907423726,0.5147958860767345,0.3285612248490282
ACH-000677,0.1399001704633147,0.5078464728890405,0.35225335664764473
ACH-000408,0.1322956213364274,0.23653497374408675,0.6311694049194859
ACH-000859,0.17823407992952514,0.2625832841639366,0.5591826359065382
ACH-000374,0.12913968708877618,0.34517187872046035,0.5256884341907635
ACH-000699,0.16197525242895233,0.5434979698324265,0.29452677773862107
ACH-000223,0.1518142509849591,0.2270490241060161,0.6211367249090248
ACH-000691,0.34501747450226455,0.3041978709791334,0.3507846545186021
ACH-000755,0.19317625956927775,0.24022433312119115,0.5665994073095311
ACH-000276,0.1311256749821947,0.24923099087774148,0.6196433341400639
ACH-000603,0.2135007071864884,0.38279875724045465,0.4037005355730569
ACH-000548,0.18488921630639765,0.4663778385010296,0.3487329451925727
ACH-000210,0.6818179794893365,0.17785267470311153,0.14032934580755194
ACH-000826,0.1983948643715111,0.5283967984443576,0.27320833718413134
ACH-000518,0.3223909592749016,0.31430520061093725,0.36330384011416117
ACH-000703,0.33545006220088097,0.22098199094794102,0.4435679468511781
ACH-000563,0.30784451238371036,0.418830536625334,0.27332495099095566
ACH-000305,0.22178362397953666,0.398885350075774,0.37933102594468926
ACH-000585,0.3039490336278783,0.4078957578747631,0.28815520849735865
ACH-000472,0.26434381693774733,0.3604500432892914,0.3752061397729612
ACH-000396,0.10169119996575225,0.31465603358512206,0.5836527664491258
ACH-000858,0.2687935075941473,0.324498774699399,0.40670771770645364
ACH-000265,0.3663919047478757,0.38240151640682324,0.251206578845301
ACH-000823,0.17683913253109246,0.5627305210547229,0.2604303464141847
ACH-000809,0.1881913481918713,0.316126567739933,0.49568208406819586
ACH-000637,0.13344491985604304,0.5725536675896481,0.29400141255430884
ACH-000784,0.20730519379813656,0.22858195836864395,0.5641128478332195
ACH-000627,0.12856449339716866,0.30887127092977523,0.5625642356730561
ACH-000787,0.3502531547779435,0.33576964004468457,0.31397720517737193
ACH-000892,0.12550604441065408,0.30075881044264563,0.5737351451467002
ACH-000871,0.29309350297399617,0.43714452386035996,0.2697619731656439
ACH-000030,0.15821792077440977,0.2818162406389281,0.5599658385866622
ACH-000363,0.4704593752973775,0.26790899788737677,0.2616316268152458
ACH-000353,0.2002746032902713,0.4786327661428992,0.3210926305668295
ACH-000626,0.4024431967644409,0.3277780870339346,0.26977871620162447
ACH-000259,0.7705465505985644,0.14740456286405168,0.0820488865373839
ACH-000647,0.23356367963061303,0.40914013008548655,0.35729619028390036
ACH-000318,0.1882280739352114,0.4891443735554006,0.322627552509388
ACH-000452,0.15760000551344194,0.5347936117568474,0.3076063827297106
ACH-000354,0.20355488162352814,0.29360472100954066,0.5028403973669312
ACH-000001,0.15313539739172383,0.21337818852426313,0.6334864140840131
ACH-000090,0.12200331288754529,0.33557646337701547,0.5424202237354393
ACH-000971,0.3034052662494921,0.4752035056667875,0.22139122808372036
ACH-000997,0.6052602638607618,0.19999490576007375,0.19474483037916443
ACH-000002,0.780257999663418,0.12290414491102651,0.09683785542555538
ACH-000552,0.5735036650455437,0.22923075826542078,0.19726557668903547
ACH-000551,0.4173605196961333,0.4167143775220894,0.16592510278177727
ACH-000367,0.17206330891781435,0.29215047804452104,0.5357862130376646
ACH-000900,0.1983455164816104,0.6120165904672098,0.18963789305117973
ACH-000463,0.513029065145258,0.3227795979584371,0.16419133689630488
ACH-000343,0.2873962404189662,0.29597383537861766,0.41662992420241624
ACH-000147,0.11345629152572943,0.32708229094471525,0.5594614175295552
ACH-000019,0.20468573050265268,0.4061178102988336,0.3891964591985137
ACH-000555,0.13466166949589975,0.48178157485162854,0.38355675565247177
ACH-000681,0.3446403607288264,0.383237300654379,0.2721223386167945
ACH-000046,0.16996596990324267,0.3179578041892799,0.5120762259074775
ACH-000288,0.17640160929062754,0.6282970347858972,0.19530135592347542
ACH-000615,0.12126092272402005,0.4230186461581251,0.4557204311178548
ACH-001190,0.14919901853153633,0.357764026989573,0.49303695447889057
ACH-000730,0.12218217738219983,0.27928857519934236,0.5985292474184578
ACH-000148,0.1440489332256038,0.6576109466925901,0.1983401200818061
ACH-000811,0.13992166683760382,0.19758177833647608,0.6624965548259202
ACH-000768,0.12973241301979133,0.32786245027452776,0.5424051367056808
ACH-000651,0.6245158498442015,0.21293863378562286,0.16254551637017559
ACH-000433,0.12655847394821587,0.4792255822948561,0.3942159437569281
ACH-000817,0.4495803436893638,0.38535183280894864,0.1650678235016876
ACH-000338,0.608103030185672,0.2165298161306758,0.17536715368365224
ACH-000966,0.3854845436658587,0.22721668809594556,0.3872987682381957
ACH-001151,0.148091839936114,0.2577091843813815,0.5941989756825045
ACH-000706,0.14298510425544833,0.2659262206975246,0.591088675047027
ACH-000861,0.13163729229773333,0.44230948597992636,0.42605322172234034
ACH-000825,0.13532392252292905,0.4608914798100156,0.4037845976670554
ACH-000750,0.1941359611075869,0.6178666917224204,0.1879973471699928
ACH-000425,0.1648524687578196,0.5407193111387701,0.2944282201034104
ACH-000579,0.1574138061971836,0.21870641400619012,0.6238797797966262
ACH-000428,0.1714936926715785,0.32205320958363304,0.5064530977447885
ACH-000504,0.17173195015391626,0.5206712925020124,0.3075967573440713
ACH-000232,0.13619068883066646,0.2469755398880359,0.6168337712812977
ACH-000273,0.136995170832812,0.6290984921657219,0.23390633700146604
ACH-000376,0.1735955112500684,0.6291308041243092,0.1972736846256222
ACH-000655,0.1612117504512659,0.4898669645235595,0.3489212850251745
ACH-000969,0.6118689632299632,0.22293637953725215,0.1651946572327845
ACH-000617,0.15326963778586852,0.4596059327072067,0.3871244295069248
ACH-000696,0.17275428417772395,0.5773661315134241,0.24987958430885193
ACH-000535,0.25564303708189706,0.4752986185141706,0.26905834440393234
ACH-001016,0.19589493848674183,0.5841751316581402,0.21992992985511808
ACH-000880,0.2551898045186372,0.24277358900173457,0.5020366064796282
ACH-000528,0.34786790189823075,0.2598886156892522,0.3922434824125171
ACH-000788,0.2419257215937297,0.29488988078890727,0.463184397617363
ACH-000219,0.3846273042226455,0.3819887518277204,0.23338394394963408
ACH-000740,0.2590969168137847,0.39366084163669,0.34724224154952515
ACH-001306,0.1286781909267996,0.5335194162080041,0.33780239286519637
ACH-000896,0.16883929040740459,0.2697343540428002,0.5614263555497951
ACH-000070,0.8197487747364701,0.10204213645540945,0.07820908880812047
ACH-000536,0.14917620159834924,0.19171218388327835,0.6591116145183725
ACH-000657,0.6512533754765425,0.23680549708666732,0.11194112743679012
ACH-000161,0.13914122909929022,0.22278895425797565,0.6380698166427342
ACH-000508,0.22375246763852075,0.2770256918745986,0.49922184048688073
ACH-000401,0.14672712478041758,0.2776468741062345,0.5756260011133478
ACH-000717,0.13565925933215572,0.2962494680152476,0.5680912726525966
ACH-000805,0.1791591888852803,0.2873274359911176,0.5335133751236022
ACH-000120,0.6281146893067167,0.2189104782596133,0.1529748324336701
ACH-000138,0.13961855383192245,0.24710262947393916,0.6132788166941384
ACH-000713,0.27517657939131374,0.27804900172529445,0.4467744188833919
ACH-000212,0.11137680688154117,0.2614714731147716,0.6271517200036872
ACH-001715,0.16288186254202824,0.6597246320272308,0.17739350543074103
ACH-000174,0.13619488007698285,0.35366461242201525,0.5101405075010019
ACH-000786,0.6841413912911365,0.1999578736118336,0.11590073509702993
ACH-000334,0.5377729910932947,0.23806730662352532,0.22415970228318008
ACH-000211,0.17314092115282603,0.6496453058776426,0.1772137729695313
ACH-000863,0.1131269107779473,0.2670118345561906,0.6198612546658622
ACH-000233,0.4809614941462807,0.33503145553493674,0.1840070503187826
ACH-000207,0.3837091989522179,0.33101913301350966,0.28527166803427256
ACH-000244,0.21133534062433137,0.5568947523222569,0.2317699070534117
ACH-001341,0.22861283736563132,0.25579058581289243,0.5155965768214763
ACH-000258,0.5189087762300034,0.257187370818848,0.22390385295114862
ACH-000330,0.20917507846419045,0.3565110257531181,0.43431389578269153
ACH-000936,0.12199584916505557,0.2564937467910566,0.6215104040438879
ACH-000295,0.777801755555017,0.1313793738102657,0.09081887063471739
ACH-000198,0.8028817712799005,0.11668988438571105,0.08042834433438845
ACH-000846,0.22087657581526168,0.46843284317282463,0.31069058101191355
ACH-000098,0.10878035691892605,0.5425590213001307,0.3486606217809433
ACH-000081,0.7190517277674274,0.1790620961661703,0.1018861760664023
ACH-000756,0.349254795403952,0.4387748132755395,0.21197039132050843
ACH-001344,0.19865353290686757,0.5491420907447001,0.2522043763484324
ACH-001716,0.7397889341218338,0.15454469263515003,0.10566637324301606
ACH-000835,0.14567957031008447,0.4606197665234164,0.39370066316649927
ACH-000913,0.14139985205019096,0.5414344887772176,0.3171656591725916
ACH-000389,0.375542442837563,0.3904262406683606,0.23403131649407632
ACH-000277,0.11743022759944949,0.1945456535209243,0.6880241188796262
ACH-000930,0.15963550614433134,0.4226612955091574,0.4177031983465113
ACH-000624,0.19533428543378253,0.48213791710081555,0.3225277974654019
ACH-000668,0.20514210747873407,0.23395488328098038,0.5609030092402856
ACH-001517,0.17977203558250182,0.2916984431999467,0.5285295212175515
ACH-000004,0.574606890508067,0.3202555073663632,0.10513760212556975
ACH-000847,0.7166390781499572,0.2026253073694456,0.08073561448059717
ACH-000061,0.5721993100584969,0.22475536206377797,0.20304532787772514
ACH-000778,0.33905045658556515,0.3749256066755498,0.28602393673888515
ACH-000546,0.170110512634366,0.2310046055374334,0.5988848818282007
ACH-000914,0.4592077271359432,0.3826411563322218,0.15815111653183506
ACH-000054,0.2166733705011589,0.3857755163125648,0.39755111318627634
ACH-000547,0.16440850306646299,0.32265859394317736,0.5129329029903597
ACH-000724,0.1753156847598821,0.269868614668936,0.5548157005711819
ACH-000322,0.13836849659162437,0.6056242437842438,0.2560072596241318
ACH-001525,0.18542476211055087,0.32694538390926947,0.48762985398017955
ACH-001526,0.4868626423576698,0.30169785253072995,0.21143950511160015
ACH-000538,0.4641163415608004,0.30231546913480656,0.23356818930439308
ACH-000882,0.15689240692085904,0.5002053756328015,0.3429022174463394
ACH-000915,0.16967297568128015,0.5101496374916697,0.32017738682705016
ACH-001530,0.276884782557613,0.4754039332019664,0.24771128424042063
ACH-000106,0.6152131024030787,0.23607383054973446,0.14871306704718693
ACH-000346,0.6796040025115347,0.19894630507672723,0.12144969241173796
ACH-000231,0.17355007226280164,0.3394277958897462,0.4870221318474522
ACH-000053,0.5914229287223066,0.24144816511076542,0.16712890616692783
ACH-000315,0.42814997304774355,0.3069276710691878,0.2649223558830687
ACH-000793,0.4943912736710356,0.2855346483847825,0.22007407794418196
ACH-000101,0.732775090287095,0.16664381678295856,0.10058109292994649
ACH-000386,0.7384974699031249,0.15785766761249775,0.10364486248437742
ACH-000380,0.7305102526621122,0.1628320298651112,0.10665771747277654
ACH-000622,0.21033394713208187,0.2467567964717663,0.5429092563961518
ACH-000213,0.18555993374545843,0.4284789350242983,0.3859611312302434
ACH-000926,0.557043652448272,0.22710829145494094,0.21584805609678703
ACH-000986,0.6042081731784738,0.23712191033851754,0.15866991648300877
ACH-001519,0.44000715324395945,0.31636778646702907,0.24362506028901149
ACH-001345,0.5667742992827453,0.25967704547278,0.1735486552444748
ACH-000698,0.18366202992646594,0.2828141443551547,0.5335238257183794
ACH-000375,0.231544811845101,0.5460824227579802,0.22237276539691866
ACH-000074,0.6816141154406973,0.2198944053271345,0.09849147923216806
ACH-000631,0.15697495910887663,0.6151180751022212,0.22790696578890235
ACH-000693,0.27661693384215924,0.507180241772795,0.21620282438504587
ACH-000873,0.22730556924524398,0.36170363670093475,0.4109907940538213
ACH-000865,0.3071913644420732,0.22089253017609448,0.4719161053818324
ACH-000824,0.21747674505439954,0.3264983282438876,0.45602492670171285
ACH-000754,0.4371718084222045,0.4157805088707029,0.14704768270709262
ACH-000806,0.44760463394022154,0.4016656231528973,0.1507297429068812
ACH-000301,0.7123843855484945,0.1801923302289915,0.10742328422251404
ACH-000104,0.7250463171203146,0.1646785772344375,0.11027510564524795
ACH-000950,0.6020833356572862,0.23229232463692284,0.1656243397057909
ACH-000204,0.4039917745402756,0.36028429719524496,0.2357239282644794
ACH-000501,0.1257907122326251,0.5040313130683205,0.3701779746990544
ACH-000985,0.4980181332733152,0.35046166713126714,0.15152019959541782
ACH-000583,0.7209432739779815,0.18411853628862648,0.09493818973339202
ACH-000759,0.10697761445783689,0.17135271719889358,0.7216696683432694
ACH-000934,0.15040922785593436,0.3712891421961498,0.4783016299479158
ACH-000910,0.20609052948149634,0.19290069991412703,0.6010087706043766
ACH-000849,0.25044478936772585,0.2504927455680037,0.4990624650642704
ACH-000450,0.17617872281365668,0.27502914041268683,0.5487921367736565
ACH-000881,0.13831076420394556,0.3677450438066048,0.4939441919894498
ACH-000072,0.6968813151789209,0.19821737810710016,0.10490130671397885
ACH-000449,0.5534627224382898,0.26714876518985137,0.179388512371859
ACH-000987,0.17091348019906066,0.20421736999187234,0.624869149809067
ACH-000192,0.20798572745876542,0.2733041557014046,0.51871011683983
ACH-000879,0.24587404147043665,0.2743925880372257,0.4797333704923376
ACH-000359,0.1467571662878124,0.6929662674512064,0.16027656626098113
ACH-000156,0.7621237305361055,0.1349388994447288,0.1029373700191657
ACH-000391,0.6967665201901173,0.16594747951007097,0.13728600029981167
ACH-000078,0.715963048898629,0.15583627613614245,0.12820067496522844
ACH-000351,0.16341185707456812,0.5108404930306127,0.3257476498948191
ACH-000918,0.7455286450294829,0.15847798870757068,0.09599336626294641
ACH-000006,0.769730901575787,0.13701221467833805,0.09325688374587492
ACH-000319,0.14021900536596033,0.5945115522076913,0.26526944242634853
ACH-000938,0.8147334008577113,0.10818480855500386,0.07708179058728486
ACH-000944,0.7557244958532,0.15083388385401958,0.09344162029278029
ACH-000360,0.529804144755946,0.23200190026601406,0.23819395497804008
ACH-000395,0.37117659746539017,0.37560145650836535,0.2532219460262446
ACH-000932,0.37564814820609876,0.41087963134048705,0.21347222045341407
ACH-000303,0.473124444014102,0.2424459176988267,0.28442963828707135
ACH-000581,0.7012710964631415,0.16357738980125544,0.13515151373560313
ACH-001603,0.7492304573272243,0.15530949438389688,0.09546004828887886
ACH-000200,0.11317498315195619,0.3227212912058373,0.5641037256422066
ACH-000168,0.6282117105093655,0.16727217185244303,0.20451611763819136
ACH-001605,0.14211677449211388,0.3120376750832557,0.5458455504246303
ACH-000911,0.20283662950615794,0.28621414798997596,0.5109492225038661
ACH-000403,0.18220913920415518,0.43330181852774036,0.3844890422681045
ACH-000491,0.6351154553147764,0.1818684476750425,0.1830160970101809
ACH-000628,0.265224875590997,0.25572455780834075,0.47905056660066225
ACH-000638,0.15870944488957492,0.26372156622479576,0.5775689888856294
ACH-000092,0.13331688326987248,0.4969249570808795,0.36975815964924796
ACH-000888,0.13318964261987423,0.26876014869933357,0.5980502086807922
ACH-000860,0.31840299374828335,0.37736065175328376,0.30423635449843295
ACH-000980,0.6348741906745937,0.20478573138446063,0.1603400779409457
ACH-000780,0.38997823240734736,0.4140626766381231,0.1959590909545296
ACH-000830,0.6060394892765015,0.18421208213322413,0.20974842859027434
ACH-000015,0.3311356858185414,0.44115878414236354,0.22770553003909513
ACH-000916,0.16986770828639247,0.24118256392458864,0.5889497277890189
ACH-000448,0.24984757443216796,0.2496392803572826,0.5005131452105493
ACH-000747,0.20310921237684912,0.5483481977409258,0.24854258988222513
ACH-000282,0.140923577051528,0.5715760074961141,0.28750041545235805
ACH-000394,0.6441558305839543,0.17469673456615453,0.18114743484989124
ACH-000399,0.1818544549620785,0.1844617394078139,0.6336838056301076
ACH-000816,0.7423406652858437,0.16528939784434296,0.09236993686981346
ACH-000776,0.14543492250635967,0.2292843359291282,0.6252807415645122
ACH-000024,0.6272294133270916,0.22541296064448602,0.14735762602842237
ACH-000770,0.7018107614738044,0.20142353943728117,0.09676569908891454
ACH-001374,0.5723157849023521,0.24746728041317137,0.1802169346844765
ACH-000937,0.6698498041909909,0.2064613733134846,0.12368882249552453
ACH-000654,0.6075712829203875,0.23797431537385005,0.15445440170576236
ACH-000565,0.2615465303242981,0.47784766176581284,0.26060580790988896
ACH-000169,0.26240964892281454,0.5446809108117266,0.19290944026545878
ACH-000960,0.8090716968284505,0.11952785262898444,0.07140045054256522
ACH-000943,0.29360103261411874,0.5252260197669343,0.18117294761894712
ACH-000719,0.15372422767798266,0.24121479707126678,0.6050609752507505
ACH-000636,0.7302565543666842,0.16325280828716698,0.10649063734614882
ACH-000874,0.766596989284139,0.14917642692047464,0.08422658379538636
ACH-000473,0.20537964693640653,0.461934226489225,0.33268612657436847
ACH-000614,0.10357004571996763,0.19779943125592778,0.6986305230241047
ACH-000410,0.3508646588931044,0.43662991787387595,0.21250542323301974
ACH-000181,0.17179406498159627,0.3670023616227156,0.4612035733956881
ACH-000609,0.2530574231913318,0.4723082773611574,0.27463429944751094
ACH-000441,0.09398409745646515,0.22308076214965933,0.6829351403938755
ACH-000112,0.794517399890565,0.13245554115837108,0.07302705895106401
ACH-000748,0.18492161840483676,0.5824865461663158,0.2325918354288474
ACH-000361,0.14752800605128846,0.3758941691010359,0.4765778248476757
ACH-000373,0.757010738293249,0.14926330598452422,0.09372595572222675
ACH-000465,0.13423741596090893,0.17225919682405758,0.6935033872150336
ACH-000423,0.16018889628716076,0.45802677957448046,0.38178432413835883
ACH-000822,0.11062149388939344,0.2650026318505962,0.6243758742600103
ACH-000810,0.15132655054391775,0.3670952528115864,0.48157819664449597
ACH-000640,0.09876943765288691,0.27436134919529187,0.6268692131518212
ACH-000665,0.15465224192133706,0.4659385500232186,0.37940920805544437
ACH-001193,0.6634156841107433,0.23328404610982,0.10330026977943668
ACH-000939,0.2661523872899125,0.32994931876156125,0.4038982939485262
ACH-000478,0.1322829111187363,0.3453201790207153,0.5223969098605483
ACH-000493,0.10786073930409298,0.40229922295557685,0.4898400377403302
ACH-000420,0.10289265973550925,0.25483445524725457,0.6422728850172362
ACH-000664,0.6892066141023396,0.2123378774284472,0.09845550846921322
ACH-000953,0.6077163362458502,0.261984814908162,0.13029884884598777
ACH-000437,0.12232758815548522,0.5997366620211436,0.27793574982337116
ACH-000489,0.23513771146278453,0.5270949957374016,0.23776729279981382
ACH-000236,0.17240994048644911,0.5353621029797365,0.2922279565338144
ACH-000470,0.29288724667439847,0.44858203866773677,0.25853071465786465
ACH-000566,0.11185637578284004,0.2556726121375799,0.63247101207958
ACH-001399,0.1488026799878473,0.5897942569701663,0.26140306304198646
ACH-000421,0.17059332424743376,0.5528594084391568,0.27654726731340945
ACH-000680,0.5823738595898427,0.20865469927414,0.20897144113601734
ACH-001274,0.2801382934956084,0.39766734676258336,0.3221943597418083
ACH-000381,0.32202413668342755,0.45811722090851315,0.21985864240805936
ACH-000197,0.6933171276688206,0.16147267533193022,0.14521019699924917
ACH-000949,0.35036346116129014,0.3984427941153345,0.25119374472337536
ACH-000430,0.21909710990390077,0.37885005725109355,0.4020528328450056
ACH-000554,0.19414982829718497,0.189328786543044,0.616521385159771
ACH-000171,0.10496398161168502,0.28149248805961746,0.6135435303286975
ACH-000304,0.16698383344129922,0.31087823188623,0.5221379346724708
ACH-000332,0.1631975340383013,0.4268802616870622,0.4099222042746365
ACH-000469,0.17363963823701817,0.6169442478198712,0.20941611394311063
ACH-000828,0.1386120040647798,0.20839199374633216,0.652996002188888
ACH-000189,0.10210821199256437,0.25727802687834483,0.6406137611290907
ACH-000815,0.4203767912672267,0.44506846362702257,0.13455474510575083
ACH-000679,0.34189431434537654,0.38033019604467483,0.2777754896099487
ACH-000416,0.30147067428403934,0.47163164439632277,0.226897681319638
ACH-000383,0.24722469624980606,0.4890637321663882,0.26371157158380565
ACH-000998,0.4340542304248457,0.23933205810094427,0.32661371147421014
ACH-000136,0.6384397281667394,0.2394633124351954,0.12209695939806521
ACH-000350,0.15247783299604734,0.16342097038395853,0.684101196619994
ACH-000864,0.49208870145730593,0.23947146039332887,0.2684398381493652
ACH-000803,0.2459582842632196,0.16776754023630294,0.5862741755004774
ACH-000792,0.15442984727692022,0.6478105432641654,0.1977596094589143
ACH-000009,0.26038276049662057,0.23921826356020495,0.5003989759431745
ACH-000188,0.20403134540889556,0.38086000922728785,0.41510864536381653
ACH-000440,0.5926544074724122,0.29053632430603055,0.1168092682215572
ACH-000248,0.2003772274336532,0.3839934409916403,0.4156293315747065
ACH-000245,0.7559041361921924,0.15247601905309127,0.09161984475471618
ACH-000432,0.7965279836477578,0.12661922076065735,0.07685279559158499
ACH-000672,0.13368749618282227,0.29782079227579356,0.5684917115413842
ACH-001674,0.7514957969361908,0.14908547920968118,0.09941872385412802
ACH-000940,0.30311753574318245,0.46600161482139285,0.23088084943542472
ACH-000757,0.27565656585261916,0.36674411892891057,0.3575993152184703
ACH-000857,0.1556136455792222,0.4934652903086931,0.3509210641120846
ACH-000371,0.5641309107485387,0.29532427839594677,0.14054481085551448
ACH-000506,0.42190915580696575,0.2080760336981021,0.3700148104949322
ACH-000893,0.1569501887564371,0.2744468950932715,0.5686029161502913
ACH-000348,0.26393416325904895,0.5226098981371463,0.21345593860380482
ACH-000238,0.2955627262956329,0.40242581168147884,0.30201146202288826
ACH-000722,0.6230296372935269,0.22428807622862762,0.1526822864778454
ACH-000155,0.1530753187683083,0.3504859527867473,0.4964387284449444
ACH-000568,0.09982786892271349,0.22790395637705269,0.6722681747002338
ACH-000254,0.17461563725229576,0.4987090022111161,0.32667536053658836
ACH-000832,0.3391450623559452,0.3816067104943016,0.2792482271497531
ACH-000429,0.1490380861480168,0.504078699018809,0.3468832148331741
ACH-000008,0.12828132491319352,0.5100556239659247,0.3616630511208817
ACH-000411,0.1642459816978753,0.4584700023223545,0.3772840159797702
ACH-001328,0.25140619045142465,0.4656655845714359,0.2829282249771393
ACH-000802,0.46588212300125864,0.2816663239127123,0.2524515530860292
ACH-001642,0.6149587265645768,0.24500690726491503,0.1400343661705081
ACH-000062,0.307303857403885,0.38424628624685175,0.3084498563492632
ACH-000269,0.19020072940331276,0.6269599211270747,0.18283934946961256
ACH-000157,0.6778693513029775,0.20492680442606467,0.11720384427095785
ACH-000697,0.5635603725426674,0.24709782109698258,0.18934180636035
ACH-000257,0.6147735366499522,0.2228997321200814,0.16232673122996644
ACH-000464,0.1433810024733297,0.6267519344928433,0.229867063033827
ACH-000920,0.5956720547165354,0.28740399936231104,0.11692394592115361
ACH-000308,0.155374009881639,0.1849110802572095,0.6597149098611514
ACH-000252,0.5306293067984478,0.27699785424753925,0.19237283895401303
ACH-001307,0.131718862554334,0.3152956452079969,0.5529854922376691
ACH-001453,0.35882693286480677,0.2887683737802871,0.35240469335490604
ACH-000902,0.24486203448472185,0.2843507209736529,0.4707872445416253
ACH-000267,0.3747845587016512,0.4769545419871464,0.14826089931120232
ACH-000293,0.15952943407924908,0.43396732609437433,0.4065032398263767
ACH-000345,0.7119385569492517,0.16985141138989607,0.11821003166085232
ACH-000876,0.12325083072243428,0.19420820461057114,0.6825409646669945
ACH-000587,0.15226974794536832,0.5188600455212747,0.32887020653335697
ACH-000772,0.5770946055718035,0.1704268930439082,0.2524785013842883
ACH-000678,0.1338015770938869,0.47112170975640205,0.395076713149711
ACH-000621,0.18900247437302406,0.41660422336855535,0.3943933022584207
ACH-000356,0.49518459243871726,0.24574801681484193,0.2590673907464408
ACH-000789,0.40014061295009723,0.3822919510613029,0.21756743598859976
ACH-000139,0.15308414039719298,0.560333568157407,0.2865822914454001
ACH-000417,0.19791121476266965,0.5069443065436435,0.29514447869368676
ACH-000060,0.19768252239071685,0.2916135423090888,0.5107039353001944
ACH-001384,0.1402956866516526,0.4469300404450825,0.41277427290326496
ACH-000694,0.24220225538465734,0.3146014294936099,0.4431963151217327
ACH-000488,0.34327821981519435,0.4039206896162185,0.2528010905685872
ACH-000605,0.1883801780370625,0.23949398775330524,0.5721258342096324
ACH-000927,0.14231964042422626,0.15735206968485527,0.7003282898909184
ACH-000116,0.14354239595974125,0.22105958588497907,0.6353980181552796
ACH-000783,0.14084881224692128,0.1959707154126726,0.6631804723404061
ACH-000103,0.11273253039309869,0.23312019820577523,0.654147271401126
ACH-000818,0.10383317094932391,0.21560837105445704,0.6805584579962191
ACH-000995,0.5620165214275349,0.30505719199241743,0.1329262865800477
ACH-000957,0.48589810248176907,0.32386485003864685,0.19023704747958414
ACH-000794,0.39274860402011136,0.3496695057146655,0.2575818902652233
ACH-001332,0.26229703633512824,0.3791736455774025,0.35852931808746924
ACH-000963,0.6415287996808862,0.21485489274895983,0.14361630757015398
ACH-000812,0.21058684627251878,0.26541718142760945,0.5239959722998717
ACH-000978,0.21085855846259824,0.5108141120107804,0.27832732952662137
ACH-000906,0.1663146676350773,0.6767572653232447,0.15692806704167805
ACH-000843,0.4304846358539157,0.31533177977784127,0.25418358436824295
ACH-000878,0.3651239270136881,0.32850947549019816,0.3063665974961138
ACH-000840,0.17661120346166104,0.367608066300875,0.45578073023746396
ACH-000667,0.44531879545881664,0.32460704779048766,0.23007415675069565
ACH-000012,0.14390256859659195,0.34568154019649705,0.5104158912069109
ACH-000625,0.3991330508585856,0.21029933099228565,0.39056761814912877
ACH-000067,0.26001119845744963,0.474893992224273,0.26509480931827734
ACH-000616,0.10709884784526266,0.6248472700451605,0.2680538821095768
ACH-000650,0.22908942751103428,0.2780729339337505,0.4928376385552152
ACH-001528,0.22378462701632745,0.5758859515138989,0.20032942146977367
ACH-000919,0.60234422048113,0.23263536664961945,0.16502041286925045
ACH-000577,0.16767474352873785,0.3227713135567652,0.509553942914497
ACH-000476,0.12338872402929885,0.4870883052163332,0.3895229707543679
ACH-000217,0.1444692892280078,0.30127566221587215,0.5542550485561201
ACH-000607,0.2901323767892151,0.5156831571214248,0.19418446608936013
ACH-000819,0.18711399889124006,0.49991028808903315,0.31297571301972665
ACH-000573,0.18853792219915722,0.368534131110445,0.4429279466903977
ACH-000935,0.2594549951988751,0.4040699766084716,0.3364750281926533
ACH-000988,0.15096733915910351,0.24195039873576346,0.607082262105133
ACH-000058,0.14270996568312103,0.4829444374540217,0.3743455968628571
ACH-001360,0.23872350962961658,0.32354197993354467,0.43773451043683875
ACH-000559,0.31098285001645515,0.3674982744501207,0.3215188755334242
ACH-000434,0.2077016328604533,0.581781307669863,0.21051705946968371
ACH-000414,0.2527105157140057,0.5040841404256317,0.2432053438603626
ACH-000752,0.15629488598974534,0.444956270180958,0.39874884382929665
ACH-000781,0.15489526565179634,0.5370996448219629,0.30800508952624067
ACH-000639,0.6412597596844128,0.18713325727439817,0.17160698304118902
ACH-000337,0.27691165858392514,0.4662799235604149,0.25680841785566
ACH-000378,0.2003131295316636,0.5267847143270905,0.2729021561412458
ACH-000292,0.26847864911936786,0.49212722090219396,0.2393941299784381
ACH-001626,0.14934870555699603,0.5039303680769929,0.34672092636601115
ACH-000291,0.20105223684393972,0.23776574789165247,0.5611820152644078
ACH-000527,0.11013583167929324,0.22183225036397966,0.6680319179567271
ACH-000443,0.1082227466581289,0.20892868268902087,0.6828485706528502
ACH-000023,0.24538869686695955,0.44727283013037566,0.30733847300266476
ACH-000144,0.2566154407588213,0.2996577642974272,0.44372679494375145
ACH-000221,0.39711841109958823,0.33179140031657167,0.27109018858384015
ACH-000114,0.15373709502114521,0.2507694825923735,0.5954934223864812
ACH-000652,0.2008167384265634,0.2491858518058472,0.5499974097675895
ACH-001398,0.11138261564057911,0.37839123230031313,0.5102261520591077
ACH-000885,0.16159005550737215,0.4099032418030812,0.42850670268954666
ACH-000716,0.20554816009363822,0.3438177619557496,0.4506340779506123
ACH-000484,0.13638461420740025,0.3083986438767408,0.5552167419158589
ACH-000059,0.772642954350246,0.1272862268050155,0.10007081884473838
ACH-000336,0.5338317594676976,0.3241405249384607,0.14202771559384184
ACH-001443,0.19406113280745868,0.6149259245314994,0.1910129426610419
ACH-000516,0.24763556714551924,0.522179992849629,0.23018444000485175
ACH-000249,0.509806581892069,0.2691116797234171,0.22108173838451392
ACH-000243,0.3982589049659057,0.3041349293787738,0.2976061656553205
ACH-000117,0.14801227963879118,0.25517942230932766,0.5968082980518812
ACH-000633,0.2253167508325761,0.20624960307546022,0.5684336460919637
ACH-000352,0.1078976463086398,0.19691426718182034,0.6951880865095398
ACH-000562,0.1702896035367351,0.2804736267962864,0.5492367696669785
ACH-000105,0.7092523660703387,0.16510542694522998,0.1256422069844313
ACH-000838,0.7397069537305776,0.16133509606609922,0.09895795020332328
ACH-000743,0.24376938288963915,0.18816245824056466,0.5680681588697961
ACH-000981,0.5951512302756173,0.1998625474149448,0.20498622230943786
ACH-000821,0.37500044270241695,0.4279190633998501,0.1970804938977329
ACH-001498,0.6698030182776813,0.22182267296242938,0.10837430875988927
ACH-001086,0.2582536136259675,0.4958028910796237,0.2459434952944088
ACH-000270,0.19025224348301498,0.4522045830369919,0.35754317347999304
ACH-000178,0.16414724259186259,0.23657250309518008,0.5992802543129574
ACH-000814,0.11253379800164516,0.2968748296689369,0.5905913723294179
ACH-000620,0.14572369143892389,0.20547980918344635,0.6487964993776298
ACH-000711,0.11284755748188473,0.22605195423262062,0.6611004882854947
ACH-000684,0.15161213195356774,0.4109012438684345,0.4374866241779978
ACH-000250,0.09780305726008404,0.38234666031997383,0.5198502824199421
ACH-000108,0.14514614282204744,0.22810508217842249,0.6267487749995301
ACH-000176,0.09187510593791229,0.3207641912433044,0.5873607028187834
ACH-000852,0.25247394181958543,0.3150284027041702,0.43249765547624436
ACH-000379,0.3017217203360261,0.22872655602410352,0.46955172363987036
ACH-000929,0.41202473584043753,0.275080190307162,0.31289507385240045
ACH-000924,0.12814023795310603,0.5064992175483739,0.36536054449852
ACH-000186,0.13824381566673188,0.3309158264546273,0.5308403578786408
ACH-000674,0.33296590689443134,0.2552411870044938,0.41179290610107483
ACH-000247,0.4164334718509203,0.3820744957006569,0.20149203244842295
ACH-000544,0.22963316039242898,0.5408630935796421,0.22950374602792886
ACH-001625,0.20358894730792151,0.5102491573830239,0.28616189530905456
ACH-000663,0.14622391644293903,0.5085251923018552,0.3452508912552058
ACH-000042,0.1238670731018186,0.3112083127457227,0.5649246141524588
ACH-000235,0.2033823003867946,0.2986678242300769,0.4979498753831284
ACH-000599,0.1955661870165137,0.548747346510687,0.2556864664727992
ACH-000347,0.4572574976774035,0.21114294589239999,0.3315995564301966
ACH-000482,0.1468600802131044,0.40366499482917806,0.4494749249577175
ACH-000442,0.13323493868214142,0.55996205912268,0.3068030021951786
ACH-000505,0.11947515195945078,0.3715283955201594,0.5089964525203897
ACH-001641,0.2755196441602299,0.43998374108172195,0.2844966147580482
ACH-000890,0.12336623702621083,0.33736658083885984,0.5392671821349293
ACH-000561,0.24988703453076347,0.37395457636284796,0.37615838910638844
ACH-000048,0.42052325395989326,0.43492020377904667,0.1445565422610601
ACH-000827,0.140697369535722,0.5515155490979183,0.3077870813663596
ACH-000162,0.7593172722449988,0.15823991116511626,0.08244281658988495
ACH-000073,0.574205999963047,0.3098741280715975,0.11591987196535543
ACH-000349,0.1133696004484848,0.1532395809675053,0.7333908185840098
ACH-000515,0.47919199221459213,0.33097124601203864,0.18983676177336925
ACH-000294,0.7910949622274511,0.13551292916816082,0.07339210860438808
ACH-000357,0.7656184851571763,0.14718953739590426,0.08719197744691945
ACH-000653,0.5254010044914439,0.32506099341272304,0.14953800209583296
ACH-000151,0.6311184620640906,0.2375242754297499,0.13135726250615945
ACH-000326,0.6773869857748601,0.21188509397934058,0.11072792024579918
ACH-000193,0.7540711005087659,0.14150969507913302,0.10441920441210122
ACH-000983,0.6019494932046302,0.27289607715486375,0.125154429640506
ACH-001106,0.7648365551688272,0.1388679534834025,0.09629549134777035
ACH-000702,0.4068360435161896,0.33646769007888894,0.2566962664049215
ACH-000439,0.6397151680786991,0.20599918773114234,0.1542856441901585
ACH-000362,0.7901314778047408,0.1354790797576764,0.07438944243758282
ACH-000369,0.7065981119458101,0.16934490955687964,0.12405697849731025
ACH-000745,0.6950241413167417,0.1750579738596848,0.1299178848235734
ACH-000129,0.574263474132863,0.21800135745151908,0.20773516841561784
ACH-000586,0.6354515241863717,0.1792598913136819,0.18528858449994645
ACH-000287,0.7522465562842217,0.14690887896027008,0.10084456475550832
ACH-000065,0.7746602023905959,0.14284074435123903,0.08249905325816521
ACH-000124,0.8012659271150404,0.11346940803647391,0.08526466484848573
ACH-000751,0.4795928931710688,0.37416192389808933,0.14624518293084204
ACH-000218,0.7072281196827517,0.1680532261334728,0.12471865418377555
ACH-000922,0.8177987085350008,0.09856709116061887,0.08363420030438051
ACH-000271,0.6110685090212535,0.25983141635405393,0.1291000746246925
ACH-000365,0.7308282634342202,0.17237950049449471,0.09679223607128495
ACH-000611,0.6973772179927822,0.18325598941873036,0.11936679258848748
ACH-000656,0.6247277451053245,0.21087787320437731,0.1643943816902982
ACH-000226,0.6020937487028464,0.254358749632975,0.14354750166417865
ACH-000534,0.7249931543295481,0.1773413293322746,0.09766551633817713
ACH-000132,0.10893590479898568,0.37015924120189025,0.520904853999124
ACH-000584,0.22908526162077344,0.21718965612622437,0.5537250822530022
ACH-000688,0.2703902113965833,0.4005279771507652,0.3290818114526515
ACH-001373,0.17348221695606483,0.49402227085919187,0.3324955121847433
ACH-000091,0.17334158703111988,0.3365513451587767,0.49010706781010344
ACH-000947,0.2914381133296663,0.24767481640791078,0.460887070262423
ACH-001418,0.183060969449319,0.4581590978355765,0.35877993271510444
ACH-001500,0.14858548835669436,0.5546426402404474,0.2967718714028581
ACH-001368,0.5685695781565636,0.2728884107681271,0.1585420110753093
ACH-001653,0.17322024995074645,0.2562752019396756,0.570504548109578
ACH-001654,0.14998469675231105,0.3014462993511525,0.5485690038965365
ACH-001496,0.2756803211086645,0.2243715736691703,0.4999481052221652
ACH-001497,0.48933205885611514,0.2677658181154924,0.2429021230283925
ACH-000917,0.3023553841601546,0.2566876467960515,0.44095696904379383
ACH-000714,0.6402304131317424,0.20932869528485543,0.15044089158340224
ACH-000763,0.6900508326046876,0.1854294948323924,0.12451967256291997
ACH-001617,0.6949820738577921,0.18024342342807628,0.12477450271413158
ACH-000999,0.3591737359343086,0.37837211438785257,0.26245414967783887
ACH-000989,0.6205030813636266,0.21577816768936034,0.16371875094701308
ACH-000955,0.5001293690192505,0.24349674159657708,0.2563738893841724
ACH-000532,0.34495890366696175,0.2757439049646623,0.3792971913683759
ACH-000991,0.33905165578830776,0.23400536980908987,0.42694297440260237
