,0,1,2
ACH-001711,0.43270959436263756,0.2772406051662024,0.29004980047116014
ACH-000087,0.7587877042604988,0.15093583051684895,0.09027646522265216
ACH-000644,0.10565715362238168,0.20488363317812763,0.6894592131994908
ACH-000905,0.28848370689313824,0.4098633002410452,0.30165299286581654
ACH-000242,0.21996733605377755,0.3335734571727738,0.44645920677344864
ACH-000384,0.18456033334520078,0.2606015045080482,0.554838162146751
ACH-000720,0.16441076996402354,0.5695668444178722,0.2660223856181042
ACH-000323,0.20011138441311263,0.5942635167330417,0.20562509885384567
ACH-000137,0.22138806500832597,0.5654332547224936,0.21317868026918052
ACH-000558,0.2871905123138666,0.4129045381878818,0.2999049494982516
ACH-000738,0.25521424670102777,0.5728151201181132,0.17197063318085914
ACH-000571,0.19863763472054188,0.5754284413712937,0.22593392390816436
ACH-000040,0.24336663861413524,0.4829994231452839,0.27363393824058097
ACH-000570,0.28530009351746627,0.47794264980599627,0.23675725667653746
ACH-000867,0.1843462455186599,0.27206171724795725,0.5435920372333828
ACH-000392,0.12916793565865334,0.29872965228082043,0.5721024120605263
ACH-000662,0.17610486683703547,0.5252977885380369,0.2985973446249277
ACH-000769,0.6910704394413765,0.1714271508822202,0.13750240967640326
ACH-000589,0.18463878043617496,0.40803896809281964,0.4073222514710053
ACH-000744,0.20157777977998462,0.3107253681619638,0.4876968520580515
ACH-000766,0.18518828494309322,0.4825729294908624,0.33223878556604447
ACH-000035,0.13581750975988877,0.4751359612873476,0.3890465289527635
ACH-000733,0.13164630999119198,0.4070398557240363,0.46131383428477174
ACH-000451,0.2251440224596786,0.45904855052913063,0.3158074270111909
ACH-000481,0.3793958009897372,0.20429638895967228,0.41630781005059064
ACH-000447,0.22821944937308497,0.32553481841208315,0.44624573221483194
ACH-000951,0.15384335860591747,0.47176660061990994,0.37439004077417254
ACH-000875,0.1513602082447898,0.34462416126919254,0.5040156304860176
ACH-000121,0.14249896887191876,0.29904004546377555,0.5584609856643057
ACH-000853,0.27510614515742127,0.41871540905538457,0.30617844578719405
ACH-000187,0.6739425236696038,0.16471774706609035,0.1613397292643059
ACH-000530,0.4688576470118345,0.3468616512593257,0.18428070172883967
ACH-000749,0.7546330914983664,0.14117659515033645,0.10419031335129712
ACH-000866,0.5396206849753806,0.2584424139698649,0.20193690105475445
ACH-000514,0.547023856157132,0.23917762526281747,0.2137985185800505
ACH-000431,0.6268364966696007,0.2513397381707584,0.12182376515964083
ACH-000729,0.6784509325339243,0.17536577417958168,0.14618329328649404
ACH-000298,0.2531530665790982,0.17644258981088884,0.570404343610013
ACH-000290,0.559977866506896,0.2265591159016719,0.21346301759143213
ACH-000525,0.6443688363087493,0.21892871234376973,0.13670245134748094
ACH-000610,0.668566384839639,0.16471386470413082,0.16671975045623016
ACH-000800,0.7372792756559047,0.15090145107629052,0.11181927326780475
ACH-000355,0.7673439787976771,0.14575927737861305,0.08689674382370986
ACH-000341,0.6518204406726258,0.17747006094850243,0.17070949837887167
ACH-000670,0.4417174584757072,0.3395191762961779,0.21876336522811496
ACH-001549,0.6428521058362113,0.20001822676335088,0.15712966740043768
ACH-000149,0.5414719392645198,0.3408076552190236,0.11772040551645666
ACH-000521,0.15370889909464364,0.33613799075177886,0.5101531101535774
ACH-000311,0.3302915791952516,0.3296070053922327,0.3401014154125157
ACH-000675,0.18881482270474154,0.26851154957134865,0.5426736277239098
ACH-000945,0.22773119778752288,0.4679367133845569,0.3043320888279203
ACH-000018,0.13666767241106526,0.6168892855653745,0.24644304202356027
ACH-000050,0.4858235663333572,0.3004703212616127,0.21370611240503015
ACH-000260,0.6200172538036868,0.2508769843646603,0.12910576183165295
ACH-000510,0.3259506081621584,0.4963053232465459,0.1777440685912958
ACH-000841,0.210987948569554,0.31662741349838797,0.47238463793205804
ACH-000522,0.33468000407616083,0.36846490827637646,0.29685508764746277
ACH-000775,0.15223984879458766,0.25709089170016364,0.5906692595052487
ACH-000264,0.2085729552028968,0.5727244930229525,0.21870255177415074
ACH-000438,0.2466902384029913,0.35187122390207815,0.4014385376949306
ACH-000666,0.23725016529450244,0.5033718730797198,0.2593779616257777
ACH-000496,0.3101828357800582,0.47284827119488654,0.21696889302505512
ACH-000094,0.15018642593518888,0.27793270934108505,0.571880864723726
ACH-000601,0.284038939472668,0.49611236147621934,0.21984869905111262
ACH-000790,0.4732239110336818,0.22808782312643627,0.29868826583988195
ACH-000886,0.17349355939846892,0.5733625321761985,0.2531439084253326
ACH-000718,0.14778426053326157,0.27810644679026075,0.5741092926764777
ACH-000677,0.17377965703507614,0.3838963988950211,0.4423239440699027
ACH-000408,0.1443531644281989,0.27700999470758814,0.578636840864213
ACH-000859,0.16305880970949124,0.26206260143300686,0.5748785888575019
ACH-000374,0.19017265510046086,0.3344749968508383,0.47535234804870086
ACH-000699,0.19285518313534317,0.39838137921585776,0.40876343764879913
ACH-000223,0.15432585684084799,0.3502904271242488,0.4953837160349034
ACH-000691,0.2629119949998328,0.24860352945252942,0.4884844755476378
ACH-000755,0.13996520047612673,0.16687794941293488,0.6931568501109383
ACH-000276,0.16075315219330483,0.30104099726882566,0.5382058505378695
ACH-000603,0.18474936810084383,0.394498197878583,0.42075243402057316
ACH-000548,0.16520745800697345,0.557746669852967,0.27704587214005977
ACH-000210,0.6841806499596538,0.15437823892689334,0.16144111111345272
ACH-000826,0.1779234381377755,0.5500155548862199,0.27206100697600466
ACH-000518,0.2991645056578819,0.355683589829107,0.3451519045130111
ACH-000703,0.44800939052548167,0.1888405042173685,0.3631501052571498
ACH-000563,0.15113344117917027,0.5402147571053674,0.3086518017154623
ACH-000305,0.2262277485140352,0.5251027090639157,0.24866954242204908
ACH-000585,0.2688614452445203,0.440349782666036,0.2907887720894436
ACH-000472,0.18977081350214875,0.6098160039521289,0.20041318254572238
ACH-000858,0.20381023790724057,0.5512072185693493,0.24498254352341012
ACH-000265,0.4917875798944418,0.2949706549359954,0.2132417651695628
ACH-000823,0.24855890284358298,0.6011645461357421,0.15027655102067486
ACH-000809,0.19021291164557275,0.49752410996484475,0.31226297838958245
ACH-000637,0.15224522154334602,0.6818337606544065,0.1659210178022475
ACH-000784,0.2368985897365777,0.2885549482292018,0.4745464620342206
ACH-000627,0.23614484743757833,0.4784461887570169,0.28540896380540487
ACH-000787,0.40675287951054634,0.3562771601634403,0.23696996032601336
ACH-000892,0.13391241278909632,0.4182266663446985,0.44786092086620527
ACH-001075,0.2633381476913273,0.391897379143755,0.34476447316491776
ACH-000871,0.4839707324241134,0.26680776176924553,0.24922150580664104
ACH-000030,0.2563018199807166,0.3197751194333672,0.4239230605859161
ACH-000363,0.5592232002434664,0.18242624265994004,0.2583505570965936
ACH-000353,0.177520789371615,0.5927853100431507,0.22969390058523428
ACH-000626,0.5739011456853355,0.21259126723850233,0.21350758707616208
ACH-000259,0.7286790609384117,0.1610540815087106,0.11026685755287785
ACH-000647,0.14246669529807712,0.5876929083589864,0.2698403963429365
ACH-000318,0.16019679632018366,0.60555099058103,0.23425221309878638
ACH-000452,0.18617248835565664,0.509463836523072,0.3043636751212713
ACH-000354,0.15040914584853513,0.2389812224203175,0.6106096317311474
ACH-000001,0.19636089895969178,0.4762065415155956,0.32743255952471273
ACH-000971,0.3899225923022101,0.38259949617925615,0.2274779115185338
ACH-000997,0.39820621757659613,0.2412319393416986,0.3605618430817052
ACH-000002,0.6851603708111546,0.1788961399647284,0.13594348922411703
ACH-000552,0.21238404442563097,0.38356818028990464,0.40404777528446434
ACH-000551,0.556388133076121,0.28526219388649543,0.15834967303738362
ACH-000367,0.19097226986123625,0.4337517293148254,0.37527600082393836
ACH-000900,0.2130001825677455,0.5803098262950153,0.20668999113723932
ACH-000463,0.36926490445288335,0.4184385659630856,0.21229652958403117
ACH-000343,0.5692790533686222,0.22077224927459355,0.20994869735678426
ACH-000147,0.12972313891458107,0.17367682861681025,0.6966000324686087
ACH-000019,0.13685887672994065,0.1961589264086723,0.666982196861387
ACH-000649,0.20160750366162342,0.5283619037634955,0.27003059257488116
ACH-000681,0.2960652905083778,0.43193503580536713,0.271999673686255
ACH-000046,0.15866092054424727,0.5617773516480906,0.27956172780766225
ACH-000288,0.2134210182086933,0.6145196885024188,0.17205929328888792
ACH-000615,0.13321463982310866,0.2427712433520776,0.6240141168248138
ACH-001190,0.19195230806960442,0.3407237211086794,0.4673239708217163
ACH-000730,0.12662853922631853,0.21515649261490216,0.6582149681587794
ACH-000148,0.4182823231875091,0.38558681451563165,0.19613086229685914
ACH-000811,0.17251402495881082,0.2738515567337367,0.5536344183074525
ACH-000768,0.14505999726174335,0.5599884477057105,0.294951555032546
ACH-000651,0.3032363560746988,0.44036701637327297,0.2563966275520282
ACH-000433,0.16494206507619102,0.5119735154504294,0.3230844194733796
ACH-000817,0.5902827667484227,0.19294596040380735,0.2167712728477699
ACH-000338,0.6058205926832729,0.18037705914761917,0.2138023481691079
ACH-000966,0.17538979490424397,0.569388249421205,0.255221955674551
ACH-001151,0.12102693876298237,0.28739699427232873,0.5915760669646889
ACH-000706,0.15974273110435816,0.41225470612924014,0.4280025627664018
ACH-000861,0.25234832779427463,0.5476492008772932,0.2000024713284321
ACH-000825,0.14548977103292368,0.5484785252215999,0.3060317037454764
ACH-000750,0.3185853273535593,0.4546691130024763,0.2267455596439643
ACH-000425,0.143577091918371,0.28266243332340724,0.5737604747582218
ACH-000579,0.12384608508506978,0.22437192669950923,0.651781988215421
ACH-000428,0.12758361053358397,0.6021889782323481,0.27022741123406785
ACH-000504,0.1591179902739604,0.5774921358905838,0.26338987383545587
ACH-000232,0.19777302117168222,0.5035234313606076,0.29870354746771016
ACH-000273,0.30203525802395437,0.49652080651413283,0.20144393546191272
ACH-000376,0.38346702209139194,0.42367531178525675,0.19285766612335134
ACH-000655,0.19703921657697995,0.564849308314144,0.23811147510887598
ACH-000969,0.32337253354452505,0.32784023782222144,0.3487872286332535
ACH-000617,0.15287596241096185,0.39857384284802444,0.4485501947410136
ACH-000696,0.17195298476318346,0.6121670072290936,0.21588000800772297
ACH-000535,0.16932934998075677,0.5784999687189069,0.25217068130033643
ACH-001016,0.19781424156110777,0.35146955448997885,0.45071620394891326
ACH-000880,0.2967390169906318,0.27499528112468236,0.4282657018846858
ACH-000528,0.19534952424742272,0.4407045817133493,0.363945894039228
ACH-000219,0.25944728015181223,0.54277489696418,0.1977778228840078
ACH-000740,0.2045247162948831,0.5844293463799206,0.21104593732519625
ACH-000896,0.18989345039012187,0.41128616441080296,0.3988203851990751
ACH-000070,0.7709401204146294,0.12800133619374682,0.10105854339162386
ACH-000536,0.13683206572056364,0.39901903736847316,0.4641488969109632
ACH-000657,0.7136827631451039,0.1889692474588747,0.09734798939602139
ACH-000161,0.15991197563991102,0.2802265972312349,0.5598614271288541
ACH-000508,0.3923969407531727,0.18410718618296132,0.42349587306386605
ACH-000717,0.1379077205477063,0.4315227140639686,0.43056956538832514
ACH-000805,0.16371141126040303,0.2724291886106433,0.5638594001289536
ACH-000120,0.6801100555099493,0.18919719912799982,0.13069274536205086
ACH-000138,0.17975080253787826,0.42930978706718265,0.39093941039493907
ACH-001336,0.1527979338186573,0.6212971882164708,0.22590487796487183
ACH-000713,0.20063265679659048,0.4060145674542183,0.3933527757491912
ACH-000212,0.1471240575089568,0.46995776580797605,0.3829181766830672
ACH-001715,0.28554024244569504,0.5285319231058737,0.18592783444843136
ACH-000174,0.2154821584516294,0.3774006515678138,0.4071171899805568
ACH-000786,0.7315938697416619,0.13694307769439706,0.13146305256394114
ACH-000334,0.5928507532817047,0.22108737641867435,0.18606187029962104
ACH-000055,0.7568139147808379,0.14860785966820605,0.09457822555095594
ACH-000863,0.15161513916991276,0.3476830989205193,0.5007017619095679
ACH-000233,0.49406638802819286,0.27173017333740546,0.2342034386344017
ACH-000244,0.30812265753739915,0.43793556656935567,0.25394177589324507
ACH-000056,0.7580109363472933,0.13424670633197716,0.10774235732072945
ACH-001341,0.170043761645469,0.49691088976860937,0.3330453485859216
ACH-000258,0.35556403822152155,0.29112986294886156,0.35330609882961694
ACH-000560,0.5954173522356758,0.2052212088966492,0.199361438867675
ACH-000225,0.3601243029002334,0.24352722292227164,0.3963484741774951
ACH-000330,0.168077074128057,0.23744266075247147,0.5944802651194715
ACH-000936,0.14561894098762904,0.38197026239969534,0.4724107966126756
ACH-000295,0.7403187302650227,0.13967315650195353,0.12000811323302388
ACH-000198,0.771260171630495,0.13540681217931017,0.09333301619019478
ACH-000846,0.20867887866680265,0.5171254029493231,0.2741957183838742
ACH-000572,0.21927849235016325,0.2619834379184872,0.5187380697313495
ACH-000098,0.24536465201250132,0.4231850292446796,0.331450318742819
ACH-000081,0.7400264501408469,0.1453249200910905,0.11464862976806249
ACH-001344,0.27553669453001467,0.34923033377174045,0.37523297169824477
ACH-001716,0.7338981423591578,0.17031802989697015,0.09578382774387195
ACH-000389,0.4455725366208556,0.3945030733571385,0.15992439002200598
ACH-000277,0.12477538826048665,0.1464445439392122,0.7287800678003012
ACH-000930,0.16536545597979668,0.4873014011583202,0.34733314286188316
ACH-000624,0.2495061445243314,0.375703390548439,0.3747904649272295
ACH-001517,0.15399183601814928,0.37603013621182574,0.4699780277700251
ACH-000847,0.7049034596676047,0.20284923039026267,0.09224730994213258
ACH-000061,0.5886058096089022,0.16813675072342435,0.24325743966767344
ACH-000778,0.26873820658360364,0.5304238083536451,0.2008379850627512
ACH-000546,0.15850677684882636,0.5666498236543361,0.2748433994968375
ACH-000914,0.6185498813166974,0.2181076742984164,0.16334244438488613
ACH-000054,0.28635461652664684,0.4542968960841556,0.25934848738919775
ACH-000547,0.19454411327209484,0.34731912261337705,0.45813676411452825
ACH-000724,0.17582674486147304,0.3362454783872134,0.4879277767513135
ACH-000322,0.15965735435207032,0.4430466032871815,0.39729604236074817
ACH-001525,0.17797252519665102,0.4340957359837606,0.38793173881958837
ACH-000480,0.19293455687843114,0.44016211724148285,0.36690332588008595
ACH-001526,0.28342868964435264,0.47863946430384896,0.23793184605179837
ACH-000538,0.6781618669116047,0.16866171581532535,0.15317641727306996
ACH-000882,0.21507429173457082,0.29912376139664215,0.485801946868787
ACH-000915,0.18246610666668672,0.37146809248861784,0.4460658008446954
ACH-001530,0.24438355184660285,0.3451251538758914,0.4104912942775059
ACH-000106,0.6024338104258089,0.17157092831105214,0.22599526126313893
ACH-000346,0.6042299296428325,0.19275906421450564,0.2030110061426619
ACH-000231,0.2434756103900639,0.5875067390663569,0.16901765054357923
ACH-000053,0.4624240105634982,0.2031412966663638,0.33443469277013793
ACH-000315,0.5068879430898586,0.1801296834274971,0.3129823734826443
ACH-000793,0.16297564114996715,0.3471390255277196,0.4898853333223133
ACH-000101,0.7031061552236254,0.1449510779473088,0.15194276682906593
ACH-000386,0.7390044978829209,0.12989209454086217,0.13110340757621697
ACH-000380,0.5632858341788324,0.2583684078325515,0.17834575798861602
ACH-000622,0.27342698350089734,0.2942774167601107,0.432295599738992
ACH-000213,0.18830568711394485,0.38107666779911087,0.4306176450869442
ACH-000926,0.15781234582478437,0.1845855630333618,0.6576020911418539
ACH-000986,0.3608393818914998,0.2598934717209274,0.3792671463875727
ACH-001519,0.3958413603055008,0.33579832918833796,0.26836031050616127
ACH-001345,0.22813236367299075,0.3558122498344735,0.4160553864925359
ACH-000698,0.1873569357919217,0.38999129869543925,0.422651765512639
ACH-000375,0.48882147348140853,0.29908924653907776,0.21208927997951363
ACH-000074,0.7318738095438722,0.1417277772646995,0.12639841319142828
ACH-000631,0.36007154628273486,0.39221270180432427,0.2477157519129409
ACH-000693,0.21898591010411989,0.6265594593207601,0.15445463057512007
ACH-000873,0.1579132754459872,0.669027909490811,0.1730588150632017
ACH-000865,0.23843940111311945,0.5090191761583271,0.25254142272855334
ACH-000824,0.2780711296987054,0.40061862408180865,0.321310246219486
ACH-000754,0.541490538968661,0.18572020388647145,0.2727892571448676
ACH-000806,0.5802584890857133,0.18621091777808638,0.23353059313620014
ACH-000301,0.6889089838683519,0.17276509016917022,0.13832592596247784
ACH-000977,0.19844532884718682,0.1851739499528655,0.6163807211999477
ACH-000104,0.7545547728435479,0.14573666023597068,0.09970856692048144
ACH-000950,0.2661492039580563,0.23769929258852443,0.4961515034534192
ACH-000204,0.4082552292644107,0.16721427126720084,0.42453049946838844
ACH-000501,0.15882377323184171,0.2584955013110212,0.582680725457137
ACH-000985,0.25147666125365076,0.20602541011459344,0.5424979286317558
ACH-000583,0.7505487869049152,0.1329975548660331,0.11645365822905172
ACH-000759,0.11502175563152603,0.15584472186716758,0.7291335225013064
ACH-000934,0.14451026506582118,0.18304097599355318,0.6724487589406257
ACH-000910,0.1915256493780407,0.1837897123558618,0.6246846382660974
ACH-000849,0.31081819443866343,0.3232371603447596,0.3659446452165771
ACH-000450,0.16807358058344826,0.26529697414955455,0.5666294452669972
ACH-000881,0.16395809703886446,0.4554924412234664,0.3805494617376691
ACH-000072,0.7080486914240036,0.16184329391492364,0.13010801466107277
ACH-000449,0.5482978439528191,0.2672725561987984,0.1844295998483824
ACH-000987,0.17338968061533247,0.373815501867611,0.4527948175170566
ACH-000192,0.2188978040443059,0.5444472181912859,0.2366549777644082
ACH-000879,0.3732524189156965,0.31055708399014303,0.31619049709416047
ACH-000359,0.40322322956767565,0.377791287724323,0.21898548270800133
ACH-000020,0.7753725911575963,0.10929013563668749,0.11533727320571614
ACH-000156,0.7317534962320966,0.14490469360432315,0.12334181016358026
ACH-000078,0.721787378459595,0.1505137622036717,0.12769885933673342
ACH-000351,0.27253762915263496,0.42212726509153525,0.3053351057558297
ACH-000918,0.7631006795214164,0.11591315073292688,0.12098616974565679
ACH-000006,0.6156822665622333,0.2601307825233886,0.12418695091437804
ACH-000319,0.14500847502306752,0.5745124143290679,0.28047911064786457
ACH-000938,0.7890425284806941,0.11496191330345046,0.09599555821585538
ACH-000944,0.7716628024837663,0.12559418185723303,0.10274301565900083
ACH-000360,0.28773168673495136,0.21453267279353105,0.49773564047151764
ACH-000395,0.5252182885253983,0.27689782857343515,0.19788388290116657
ACH-000932,0.37451514096407007,0.26525036833516835,0.3602344907007616
ACH-000303,0.17877093451488768,0.21517910499900184,0.6060499604861104
ACH-000581,0.30831030711491725,0.2357588891105162,0.45593080377456646
ACH-001603,0.7414501721335008,0.15422135132741935,0.10432847653907981
ACH-000200,0.15617534010621034,0.3770610380903129,0.4667636218034768
ACH-000168,0.6446858496358435,0.16972457339053654,0.1855895769736198
ACH-001605,0.15105590190707052,0.415895511525288,0.43304858656764156
ACH-000911,0.22528580315281108,0.46518981249275604,0.3095243843544328
ACH-000403,0.15938655467539617,0.38240177920355806,0.4582116661210457
ACH-000628,0.11569903597959907,0.4220950603885688,0.4622059036318322
ACH-000638,0.16430118855982476,0.2757545679651176,0.5599442434750577
ACH-000427,0.23429471297090554,0.27616215529290183,0.4895431317361925
ACH-000092,0.21006970314530374,0.4798266981751779,0.3101035986795183
ACH-000888,0.15185145295796793,0.31120528246923196,0.5369432645728001
ACH-000860,0.19417792980691553,0.5388931298225393,0.266928940370545
ACH-000980,0.6173155901590687,0.20913576097231132,0.17354864886862004
ACH-000780,0.6002228396724242,0.19024181088753542,0.20953534944004037
ACH-000830,0.6305071893248041,0.1720227732615692,0.19747003741362668
ACH-000015,0.5824303600855526,0.2181200029821618,0.1994496369322856
ACH-000916,0.17176648598098404,0.394726489883565,0.4335070241354509
ACH-000448,0.19403278566126558,0.45064092934299005,0.3553262849957444
ACH-000747,0.5173988641874009,0.29396165561903287,0.18863948019356624
ACH-000394,0.6491598305610146,0.16535392385476852,0.18548624558421697
ACH-000399,0.2737462681178434,0.19202535565002096,0.5342283762321356
ACH-000816,0.7086216241224701,0.1649533255320217,0.1264250503455081
ACH-000776,0.1559530520571301,0.5847805479221231,0.2592664000207469
ACH-000024,0.5392927874824311,0.170957058498939,0.28975015401862986
ACH-000372,0.7565052265849181,0.12287127769273422,0.12062349572234746
ACH-000770,0.5997888748368367,0.20296010106047463,0.19725102410268872
ACH-001374,0.5973303119762183,0.2541471533411876,0.14852253468259405
ACH-000937,0.7343846453990843,0.1355663237799466,0.1300490308209691
ACH-000654,0.6927649345980287,0.14317453249334536,0.16406053290862596
ACH-000565,0.16001534218718713,0.22430810857474903,0.6156765492380639
ACH-000169,0.457515550115886,0.4212019518873993,0.12128249799671476
ACH-000960,0.7809977906555177,0.12910098177789528,0.089901227566587
ACH-000943,0.2808514229218341,0.4749858675010313,0.2441627095771346
ACH-000719,0.11710298221007037,0.3230618579074421,0.5598351598824877
ACH-000636,0.7436968818112223,0.1414355568257227,0.11486756136305498
ACH-000874,0.7697404229364252,0.11943633964207599,0.11082323742149874
ACH-000473,0.2864945737060891,0.3161633860479682,0.3973420402459427
ACH-000614,0.1089706280507155,0.22634099497744853,0.6646883769718359
ACH-000410,0.4621268161171623,0.3738848343840641,0.1639883494987737
ACH-000609,0.3084878625420184,0.5077032675237511,0.1838088699342305
ACH-000441,0.1269075181896101,0.17112304298315759,0.7019694388272323
ACH-000112,0.7162518896074594,0.14348082440356397,0.14026728598897675
ACH-000748,0.30525710591810773,0.48169877387533333,0.213044120206559
ACH-000361,0.22215543593903303,0.5629825678563102,0.21486199620465682
ACH-000373,0.6250199274110293,0.2521131542262806,0.1228669183626902
ACH-000465,0.14625709076091165,0.1635983206729013,0.690144588566187
ACH-000423,0.14701958289377964,0.2127133361553363,0.6402670809508841
ACH-000822,0.13310968689328337,0.3756747408484922,0.4912155722582245
ACH-000810,0.16093595304170413,0.31475681986596726,0.5243072270923286
ACH-000640,0.1369513350787077,0.25535691067419874,0.6076917542470935
ACH-000665,0.20443140171515037,0.4709077997745748,0.32466079851027474
ACH-001193,0.7089449473047406,0.16875834827503758,0.12229670442022175
ACH-000478,0.17872810557911417,0.44782326214209633,0.3734486322787895
ACH-000493,0.20278530611915407,0.5726977637499742,0.2245169301308718
ACH-000953,0.7563366831458302,0.1291361883430073,0.11452712851116245
ACH-000437,0.2930378516151609,0.45203357766155355,0.2549285707232857
ACH-000489,0.18875814937276653,0.3105623457502837,0.5006795048769498
ACH-000236,0.12821798304620358,0.25716659721363655,0.6146154197401599
ACH-000566,0.18001836760694248,0.5460477940484851,0.2739338383445725
ACH-000958,0.38941098089084747,0.25808606142860335,0.35250295768054923
ACH-001399,0.15736078233096115,0.44551538852204975,0.3971238291469891
ACH-000421,0.15370260290733087,0.3717843103557286,0.4745130867369405
ACH-000680,0.2859543878383807,0.2025953628826959,0.5114502492789234
ACH-001274,0.238640153403451,0.38945404672509876,0.3719057998714502
ACH-000381,0.18966213817219663,0.35366984117486777,0.45666802065293555
ACH-000197,0.7191181530067149,0.15738977456272016,0.1234920724305649
ACH-000949,0.24174799986117781,0.21644192028919346,0.5418100798496287
ACH-000430,0.2627826114517349,0.48947569732870677,0.24774169121955827
ACH-000364,0.21595731303442534,0.5882426401100292,0.19580004685554553
ACH-000554,0.13920234824102853,0.2139948216607748,0.6468028300981966
ACH-000171,0.2116150471163549,0.33343168477297214,0.454953268110673
ACH-000304,0.19494991495423328,0.2731715869323956,0.5318784981133711
ACH-001709,0.7269700835570362,0.13988582559862875,0.13314409084433496
ACH-000332,0.15408233662982473,0.24952780266150598,0.5963898607086693
ACH-000469,0.4714765650106161,0.32934925111660374,0.19917418387278027
ACH-000828,0.13998649970474247,0.1444342747788721,0.7155792255163854
ACH-000189,0.12312050726329112,0.3321874487689585,0.5446920439677504
ACH-000524,0.16528371568701059,0.400100362727376,0.4346159215856134
ACH-000815,0.7248498194710182,0.14638338337211532,0.12876679715686648
ACH-000679,0.270335199141127,0.2293030809922822,0.5003617198665907
ACH-000416,0.15736917431090397,0.5980841435003166,0.24454668218877945
ACH-000704,0.15489548922869265,0.47210270845394725,0.37300180231736
ACH-000383,0.17469626938430505,0.4310192522402725,0.3942844783754224
ACH-000998,0.24391045003399675,0.25659104466040444,0.4994985053055988
ACH-000350,0.15293119349234907,0.2034271884353778,0.6436416180722732
ACH-000864,0.6109325567458973,0.1702293670080296,0.21883807624607307
ACH-000803,0.2310508805329041,0.18960624063001694,0.5793428788370789
ACH-001442,0.2687328013533184,0.5281108409325576,0.20315635771412419
ACH-000792,0.23976790516062282,0.5347321824221579,0.2254999124172193
ACH-000009,0.1739438411264775,0.3027955498751077,0.5232606089984148
ACH-000188,0.2242713281696236,0.4611960183648725,0.3145326534655038
ACH-000222,0.13703947335417196,0.1825445779408535,0.6804159487049746
ACH-000440,0.6182218834603312,0.15083045746795246,0.23094765907171627
ACH-000248,0.14301045435247198,0.3742461525767062,0.48274339307082176
ACH-000245,0.7602534042303797,0.1203161034641246,0.11943049230549574
ACH-000432,0.7751064448397141,0.12681350008954967,0.09808005507073622
ACH-000672,0.2110354886400339,0.38551619205930193,0.40344831930066427
ACH-001674,0.7522849795891184,0.14762253447452342,0.10009248593635799
ACH-000940,0.6487389335885188,0.19432704186333213,0.15693402454814911
ACH-000757,0.313696008636974,0.34407841100245007,0.3422255803605759
ACH-000857,0.17499479333317894,0.37344954670551445,0.4515556599613066
ACH-000371,0.7220341415423317,0.14484017948476965,0.13312567897289873
ACH-000506,0.48162603322321335,0.32750729708953596,0.1908666696872506
ACH-000893,0.15610742171291267,0.3221943185258888,0.5216982597611985
ACH-000348,0.3611847823132854,0.4131476756361038,0.22566754205061088
ACH-000238,0.1891613783535243,0.5952731481475456,0.21556547349893013
ACH-000722,0.16391695100521234,0.21530056952400747,0.6207824794707802
ACH-000567,0.7326097516940274,0.1392486915554971,0.12814155675047548
ACH-000155,0.14942539188648246,0.31835863014292165,0.5322159779705959
ACH-000254,0.19348290220233716,0.5783317356991748,0.22818536209848797
ACH-000107,0.1428421341507252,0.2590038869413361,0.5981539789079386
ACH-000832,0.2936436015917986,0.4387793214446831,0.26757707696351823
ACH-000429,0.29443067106052967,0.37484272983159184,0.3307265991078785
ACH-000008,0.1528861499838292,0.44272726327788553,0.40438658673828515
ACH-000411,0.20881035528705585,0.5322496530665113,0.2589399916464329
ACH-001328,0.29796412943436296,0.477013965042891,0.22502190552274592
ACH-000802,0.38208472280621797,0.37131606300208275,0.24659921419169922
ACH-000856,0.2204787455985543,0.507651507332285,0.2718697470691606
ACH-001642,0.5606981706362655,0.2710200861960435,0.16828174316769104
ACH-000062,0.3260599483069997,0.4184595856026569,0.25548046609034336
ACH-000269,0.28061465841715133,0.5250166834458542,0.19436865813699447
ACH-000157,0.6077775015631263,0.20953887724357642,0.18268362119329737
ACH-000697,0.5033533819411491,0.21348553273000126,0.2831610853288496
ACH-001338,0.7292527295784297,0.15370846881730274,0.11703880160426752
ACH-000464,0.20953014664007383,0.5568816981511893,0.23358815520873696
ACH-000920,0.7405828435706524,0.14411773657741916,0.11529941985192847
ACH-000308,0.14679434275103023,0.3354498791438421,0.5177557781051276
ACH-000252,0.15257666382718893,0.17622468169102362,0.6711986544817874
ACH-000956,0.249521651149144,0.21357105476736857,0.5369072940834875
ACH-001307,0.16327901890355848,0.492487911106793,0.3442330699896485
ACH-000267,0.45414767448458004,0.1930479668932465,0.3528043586221735
ACH-001350,0.15231637821105234,0.5265881368971075,0.32109548489184014
ACH-000293,0.18476453825065473,0.5281673679939881,0.2870680937553572
ACH-000345,0.6892855540862433,0.18554910844385725,0.12516533746989952
ACH-000183,0.45523103366840273,0.21585355659303626,0.3289154097385611
ACH-000876,0.11537124844419953,0.19909254686892733,0.685536204686873
ACH-000587,0.15478216193594316,0.5855530246451326,0.2596648134189243
ACH-000772,0.553361565270256,0.23746613736417352,0.2091722973655704
ACH-000678,0.16124920772804294,0.3374152687011051,0.5013355235708519
ACH-000621,0.25778968402255353,0.5512511927845257,0.19095912319292074
ACH-000356,0.20603461521964375,0.37316074925313353,0.4208046355272228
ACH-000789,0.5627204158244008,0.2107422953211884,0.22653728885441074
ACH-000139,0.16127117049051437,0.3437983053794913,0.4949305241299943
ACH-000417,0.1595696430760311,0.26016096863479715,0.5802693882891717
ACH-000060,0.17668459580299697,0.2493220357553493,0.5739933684416537
ACH-000965,0.3026080824127592,0.32146153132775274,0.375930386259488
ACH-001384,0.1593616355862944,0.44729828407189387,0.3933400803418118
ACH-000694,0.20181158820239342,0.43882527646193364,0.35936313533567305
ACH-000605,0.2174176335102831,0.5337308395950511,0.24885152689466575
ACH-000927,0.1552015942793099,0.1625902751884524,0.6822081305322376
ACH-000116,0.1550620323810287,0.48020201732225043,0.3647359502967208
ACH-000596,0.3208239617814897,0.25182996421898424,0.4273460739995262
ACH-000783,0.13969174281182836,0.15999761791415892,0.7003106392740128
ACH-000818,0.12658336321814323,0.14825389655198642,0.7251627402298704
ACH-000995,0.6654210257681279,0.2218222526051704,0.11275672162670171
ACH-000957,0.27129845530967633,0.3505776599918141,0.3781238846985095
ACH-000794,0.32223716166490307,0.40443549798311956,0.2733273403519775
ACH-001332,0.21398457953968641,0.6064863407441708,0.1795290797161428
ACH-000963,0.2600085796840164,0.1978656235940787,0.542125796721905
ACH-000812,0.14739123884969735,0.21030372187991436,0.6423050392703884
ACH-000978,0.5436517824904127,0.27636737971952446,0.17998083779006285
ACH-000906,0.38072888682742684,0.41906679635707933,0.20020431681549392
ACH-000574,0.17419675038077945,0.612364101353497,0.21343914826572363
ACH-000843,0.36325238144952643,0.427690503530644,0.20905711501982968
ACH-000878,0.3305196256307142,0.3489025991891342,0.3205777751801517
ACH-000840,0.13574556887686273,0.4605240041604938,0.40373042696264355
ACH-000667,0.2572399621342159,0.5763541944866117,0.16640584337917222
ACH-000012,0.1501529986399666,0.5958337190381153,0.2540132823219181
ACH-000625,0.3427396096898454,0.3237575384813369,0.3335028518288177
ACH-000067,0.3741268098040342,0.407724689796021,0.21814850039994474
ACH-000616,0.15562369005884416,0.5732705425938468,0.2711057673473092
ACH-000650,0.2188517312108406,0.2031111288852861,0.5780371399038733
ACH-001528,0.29330520146551203,0.5189857930106997,0.18770900552378808
ACH-000476,0.18133341448170776,0.6063161104804796,0.21235047503781257
ACH-000217,0.18738868045827375,0.5103479795128285,0.30226334002889776
ACH-000848,0.2911661804498916,0.4179310750802533,0.2909027444698551
ACH-000607,0.6490329514574807,0.18274573792402993,0.16822131061848922
ACH-000819,0.36911098087524963,0.47328799676626426,0.15760102235848605
ACH-000573,0.21578861103333716,0.424855462620102,0.3593559263465608
ACH-000935,0.20229893052689085,0.3951522280108164,0.40254884146229275
ACH-000988,0.20476362673133688,0.5567008766411974,0.23853549662746576
ACH-000058,0.1732263042662679,0.4670589654792622,0.35971473025446987
ACH-001360,0.2461418183747894,0.3908622405898534,0.3629959410353571
ACH-000559,0.45535014559786857,0.16876252904687047,0.375887325355261
ACH-000894,0.14874438164080128,0.3230172453217049,0.5282383730374939
ACH-000434,0.24006205152517623,0.5275342807695802,0.2324036677052436
ACH-000414,0.200660230868694,0.4056631874143267,0.3936765817169793
ACH-000752,0.25624969839310013,0.4196444011406536,0.3241059004662462
ACH-000781,0.16165499196754385,0.5469421614177006,0.29140284661475563
ACH-000639,0.6709418130598973,0.16313077325097847,0.16592741368912436
ACH-000337,0.24108879230669092,0.44478676792577515,0.3141244397675339
ACH-000378,0.35974416327704123,0.41077491511890635,0.2294809216040524
ACH-000292,0.6042968762556867,0.2442228186672417,0.15148030507707155
ACH-001626,0.16745326444550984,0.612555727425328,0.21999100812916214
ACH-000527,0.17175815629370397,0.2871217098260563,0.5411201338802397
ACH-000443,0.1708516407091486,0.27268238757971386,0.5564659717111375
ACH-000619,0.13441398399710178,0.4990211637144105,0.36656485228848773
ACH-000144,0.17347098609664827,0.5172214777912214,0.3093075361121303
ACH-000100,0.43323112684344195,0.4213676697744085,0.14540120338214957
ACH-001650,0.21458827867239552,0.472836847482861,0.31257487384474353
ACH-001655,0.18675951384309875,0.629157406077362,0.18408308007953922
ACH-000221,0.7267148513389267,0.1539136955131989,0.11937145314787437
ACH-000652,0.14986784916149382,0.2749588306681668,0.5751733201703394
ACH-001398,0.12122199791742451,0.5511060814088129,0.3276719206737626
ACH-000424,0.759170507495782,0.14618020525967748,0.09464928724454055
ACH-000885,0.2572770854815412,0.39286344247002875,0.3498594720484301
ACH-000716,0.24496700221831932,0.44515587436152876,0.30987712342015183
ACH-000484,0.17781752266041578,0.31246375888955535,0.5097187184500289
ACH-000059,0.7935431835796731,0.11445448461197619,0.09200233180835063
ACH-000336,0.658298053942043,0.20319581265478778,0.13850613340316925
ACH-001443,0.2466752379412586,0.5701932224385006,0.18313153962024087
ACH-000516,0.35335792452292475,0.41699691289015267,0.22964516258692264
ACH-000249,0.34233511002906464,0.25165805122314683,0.40600683874778865
ACH-000243,0.18454513660428024,0.44056192451055354,0.3748929388851662
ACH-000117,0.11520737856037358,0.1803269252440191,0.7044656961956073
ACH-000633,0.14021448807838488,0.30061980685511985,0.5591657050664953
ACH-000352,0.16345000581401087,0.18010652720237683,0.6564434669836123
ACH-000562,0.2991167943016409,0.31164348270780096,0.3892397229905581
ACH-000105,0.7762016891382886,0.10990710169947766,0.11389120916223375
ACH-000838,0.6326672484502555,0.19023739711247886,0.1770953544372658
ACH-000743,0.21622459250332554,0.19441120158414746,0.589364205912527
ACH-000981,0.6484848085261531,0.1949416613423501,0.15657353013149683
ACH-000821,0.3694837288229339,0.21995933009974314,0.41055694107732293
ACH-001086,0.22739568555889733,0.5995016101395346,0.173102704301568
ACH-000270,0.28317008648592884,0.35153059349970917,0.36529932001436205
ACH-000178,0.12839345677315675,0.3664144679563784,0.5051920752704648
ACH-000814,0.1536193255649977,0.2845947962162869,0.5617858782187154
ACH-000620,0.12388811650928525,0.3060548298224154,0.5700570536682994
ACH-000711,0.14972010603285954,0.24085131978161173,0.6094285741855288
ACH-000684,0.19492172603619592,0.4084904173153968,0.3965878566484073
ACH-000250,0.13578556897001978,0.41664914576695067,0.4475652852630297
ACH-001542,0.1554072040362493,0.6451144826105073,0.19947831335324337
ACH-000281,0.17142364183159284,0.26733855097017667,0.5612378071982304
ACH-000108,0.15456757157244366,0.25059196397044153,0.5948404644571148
ACH-000176,0.16897387940180317,0.5175390795071391,0.3134870410910578
ACH-000852,0.17009542092301388,0.3062968125070334,0.5236077665699527
ACH-000379,0.22277135813700844,0.31916917287558133,0.4580594689874103
ACH-000929,0.28938113796600956,0.3443994803763732,0.3662193816576172
ACH-000924,0.15369984884406834,0.35335807556882304,0.4929420755871087
ACH-000186,0.18792695170971868,0.42138612421727323,0.3906869240730081
ACH-000674,0.1909006014130482,0.22257736125708424,0.5865220373298675
ACH-000247,0.20846132251878804,0.18664640808181032,0.6048922693994017
ACH-000544,0.18827504240761234,0.654152688085494,0.15757226950689365
ACH-001625,0.19169543314481993,0.4040979065440282,0.4042066603111518
ACH-000663,0.1530961297773219,0.5702557441743269,0.2766481260483513
ACH-000042,0.17327596582821495,0.30169180884811186,0.5250322253236732
ACH-000235,0.12895560262760625,0.2842377731757111,0.5868066241966826
ACH-000599,0.18838044670906023,0.26086287144814246,0.5507566818427974
ACH-000347,0.24246274701580875,0.345480652494573,0.4120566004896182
ACH-000482,0.179146056060551,0.3767600095135477,0.4440939344259013
ACH-000442,0.1744720288237705,0.601475149741117,0.2240528214351125
ACH-000505,0.1670900567701368,0.4848820368936201,0.3480279063362431
ACH-001641,0.1638033603037055,0.6047821930482111,0.23141444664808342
ACH-000890,0.18021206564305442,0.3428833486584884,0.4769045856984571
ACH-000561,0.2953269688021775,0.310397887879262,0.39427514331856056
ACH-000048,0.7463439741617397,0.1598894801126313,0.09376654572562897
ACH-000827,0.1774669217964761,0.48082874131046566,0.3417043368930582
ACH-000162,0.7490599265238956,0.13960436595759768,0.1113357075185066
ACH-000073,0.6407964073188086,0.19680741567803856,0.16239617700315281
ACH-000349,0.11214477670845317,0.17731769001256475,0.710537533278982
ACH-000515,0.691904513427346,0.18459575640742693,0.12349973016522695
ACH-000294,0.7336406037064448,0.16569485998671724,0.10066453630683792
ACH-000653,0.5611591166183492,0.25767651479521725,0.1811643685864335
ACH-000326,0.7058485007566153,0.16052313778813293,0.1336283614552518
ACH-000983,0.675398500631802,0.21448083344226374,0.11012066592593425
ACH-001106,0.7561658278489277,0.13220610544520245,0.11162806670586978
ACH-000702,0.4780100677624754,0.20132962706913957,0.3206603051683849
ACH-000439,0.6288612413460539,0.1755708778335305,0.19556788082041549
ACH-000362,0.7135253228127828,0.15703813166273334,0.1294365455244839
ACH-000369,0.6992010461834264,0.1502858661518066,0.150513087664767
ACH-000745,0.4569678004578155,0.3078435574965585,0.23518864204562598
ACH-000129,0.59054448025017,0.22546628405522853,0.18398923569460143
ACH-000586,0.6395875539827229,0.19218814842833523,0.1682242975889418
ACH-000287,0.7447340836306097,0.1458251076488031,0.10944080872058728
ACH-000065,0.7173065108709475,0.149775276210917,0.13291821291813546
ACH-000124,0.7665996627742515,0.11994847416126422,0.11345186306448428
ACH-000751,0.6280132962327206,0.1773921814082701,0.19459452235900923
ACH-000218,0.6474396967190648,0.22596721503483688,0.1265930882460984
ACH-001638,0.4243312379792016,0.2969632650785379,0.27870549694226043
ACH-000271,0.7294898930282063,0.1438821551784481,0.12662795179334563
ACH-000365,0.7509320608433029,0.1246586775576838,0.12440926159901333
ACH-000611,0.729006454870295,0.13013666296579815,0.1408568821639068
ACH-000656,0.6947135426588987,0.16636422864139133,0.13892222869970994
ACH-000226,0.6028688874536469,0.19487230903746652,0.20225880350888656
ACH-000534,0.6565974937549411,0.1587170928421417,0.1846854134029171
ACH-000132,0.1808743487852151,0.39202092278081796,0.42710472843396696
ACH-000584,0.1641240521324895,0.4937565080284622,0.3421194398390483
ACH-000688,0.3505630062003741,0.39184007008588273,0.2575969237137432
ACH-001373,0.2019314254246359,0.5699709558700351,0.2280976187053289
ACH-000091,0.1908629345632614,0.3449068732726803,0.46423019216405836
ACH-000947,0.37466973039421486,0.39598851084043685,0.22934175876534832
ACH-001418,0.14313136406902388,0.5614363011052739,0.2954323348257023
ACH-001500,0.20699101709422732,0.47399333310118646,0.31901564980458624
ACH-001368,0.44623079567604534,0.3508789014887455,0.20289030283520923
ACH-001653,0.12262301643288505,0.28506833920129604,0.5923086443658189
ACH-001654,0.19943681518196998,0.3159770324753072,0.48458615234272284
ACH-001496,0.1636647951319799,0.22520755243357882,0.6111276524344412
ACH-001497,0.1928855047477599,0.4567371192729004,0.3503773759793396
ACH-000917,0.242240152090867,0.29504469169104064,0.46271515621809234
ACH-000714,0.6029554279302393,0.17801086885914924,0.21903370321061158
ACH-000763,0.5381199246652962,0.16547245377491143,0.2964076215597924
ACH-000999,0.19251629654871313,0.3919035461065557,0.4155801573447311
ACH-000989,0.3944994236009774,0.20032124534668644,0.4051793310523363
ACH-000708,0.14343716768768516,0.1535402947879381,0.7030225375243768
ACH-000955,0.36946688016214846,0.2351765235521168,0.3953565962857348
ACH-000532,0.14149601418467309,0.19396249540962374,0.6645414904057032
